price,area,rooms,floor,total_floors,building_year,elevator,terrace,parking,price_per_m2,building_age,floor_ratio,city_Beograd,municipality_Barajevo,municipality_Grocka,municipality_Mladenovac,municipality_Novi Beograd,municipality_Obrenovac,municipality_Palilula,municipality_Rakovica,municipality_Savski Venac,municipality_Sopot,municipality_Stari Grad,municipality_Surčin,municipality_Voždovac,municipality_Vračar,municipality_Zemun,municipality_Zvezdara,municipality_unknown,municipality_Čukarica
72000.0,40.0,2.0,1.0,4.0,2026.0,1,1,1,1800.0,0.0,0.25,1,0,0,0,0,1,0,0,0,0,0,0,0,0,0,0,0,0
420000.0,100.0,4.0,0.0,2.0,1924.0,0,0,1,4200.0,102.0,0.0,1,0,0,0,0,0,0,0,0,0,0,0,0,1,0,0,0,0
298000.0,90.0,3.0,1.0,5.0,,1,1,0,3311.1111111111113,,0.2,1,0,0,0,0,0,0,0,1,0,0,0,0,0,0,0,0,0
198000.0,63.0,3.0,6.0,19.0,1980.0,1,1,1,3142.8571428571427,46.0,0.3157894736842105,1,0,0,0,1,0,0,0,0,0,0,0,0,0,0,0,0,0
78000.0,42.0,2.0,3.0,3.0,2009.0,0,1,1,1857.142857142857,17.0,1.0,1,0,0,0,0,0,1,0,0,0,0,0,0,0,0,0,0,0
357000.0,103.0,4.0,4.0,4.0,,0,1,1,3466.019417475728,,1.0,1,0,0,0,0,0,0,0,0,0,0,0,0,1,0,0,0,0
180000.0,65.0,2.0,5.0,6.0,1979.0,1,1,0,2769.230769230769,47.0,0.8333333333333334,1,0,0,0,0,0,0,0,0,0,0,0,1,0,0,0,0,0
143000.0,30.0,2.0,4.0,4.0,,0,0,0,4766.666666666667,,1.0,1,0,0,0,0,0,0,0,0,0,1,0,0,0,0,0,0,0
310000.0,84.0,3.0,2.0,15.0,,1,1,0,3690.4761904761904,,0.13333333333333333,1,0,0,0,0,0,0,0,0,0,0,0,0,1,0,0,0,0
475000.0,93.0,3.0,2.0,16.0,,1,1,1,5107.5268817204305,,0.125,1,0,0,0,0,0,0,0,1,0,0,0,0,0,0,0,0,0
189000.0,56.0,2.0,2.0,2.0,,0,0,0,3375.0,,1.0,1,0,0,0,0,0,0,0,0,0,0,0,0,0,0,1,0,0
198800.0,71.0,3.0,2.0,6.0,,0,1,0,2800.0,,0.3333333333333333,1,0,0,0,0,0,0,0,0,0,0,0,0,0,1,0,0,0
250000.0,42.0,2.0,6.0,7.0,,1,1,0,5952.380952380952,,0.8571428571428571,1,0,0,0,0,0,0,0,0,0,0,0,0,1,0,0,0,0
140000.0,44.0,2.0,0.0,,,1,1,1,3181.818181818182,,,1,0,0,0,0,0,1,0,0,0,0,0,0,0,0,0,0,0
213000.0,61.0,1.0,1.0,4.0,,0,1,1,3491.8032786885246,,0.25,1,0,0,0,1,0,0,0,0,0,0,0,0,0,0,0,0,0
154500.0,60.0,2.0,,,,0,1,1,2575.0,,,1,0,0,0,0,0,0,0,0,0,0,0,0,0,0,1,0,0
140000.0,31.0,2.0,4.0,7.0,,1,1,0,4516.129032258064,,0.5714285714285714,1,0,0,0,0,0,0,0,0,0,0,0,0,0,0,0,1,0
92000.0,29.0,1.0,,5.0,,1,1,0,3172.4137931034484,,,1,0,0,0,0,0,0,0,0,0,0,0,0,0,0,0,1,0
323802.0,78.0,2.0,2.0,6.0,2026.0,1,0,1,4151.307692307692,0.0,0.3333333333333333,1,0,0,0,0,0,0,0,0,0,0,0,0,0,0,1,0,0
123900.0,59.0,2.0,4.0,7.0,1978.0,1,1,1,2100.0,48.0,0.5714285714285714,1,0,0,0,0,0,1,0,0,0,0,0,0,0,0,0,0,0
139000.0,45.0,2.0,3.0,3.0,,1,1,1,3088.8888888888887,,1.0,1,0,0,0,0,0,0,0,0,0,0,0,0,0,0,1,0,0
310000.0,78.0,3.0,3.0,5.0,1938.0,1,1,0,3974.358974358974,88.0,0.6,1,0,0,0,0,0,0,0,0,0,1,0,0,0,0,0,0,0
131600.0,47.0,2.0,4.0,4.0,2025.0,0,1,1,2800.0,1.0,1.0,1,0,0,0,0,0,0,0,0,0,0,1,0,0,0,0,0,0
269900.0,84.0,3.0,2.0,7.0,2013.0,1,1,1,3213.095238095238,13.0,0.2857142857142857,1,0,0,0,0,0,0,0,0,0,0,0,1,0,0,0,0,0
173900.0,46.0,2.0,2.0,2.0,1914.0,0,0,1,3780.4347826086955,112.0,1.0,1,0,0,0,0,0,0,0,0,0,1,0,0,0,0,0,0,0
245000.0,65.0,2.0,6.0,6.0,2011.0,1,1,1,3769.230769230769,15.0,1.0,1,0,0,0,0,0,0,0,0,0,0,0,0,1,0,0,0,0
399000.0,140.0,5.0,3.0,4.0,2002.0,0,1,1,2850.0,24.0,0.75,1,0,0,0,0,0,0,0,0,0,0,0,0,0,0,0,0,1
279000.0,69.0,3.0,5.0,8.0,2023.0,1,1,0,4043.478260869565,3.0,0.625,1,0,0,0,0,0,0,1,0,0,0,0,0,0,0,0,0,0
544000.0,119.0,4.0,4.0,4.0,,1,1,1,4571.428571428572,,1.0,1,0,0,0,0,0,0,0,0,0,0,0,0,1,0,0,0,0
159000.0,62.0,3.0,3.0,5.0,,0,1,1,2564.516129032258,,0.6,1,0,0,0,0,0,1,0,0,0,0,0,0,0,0,0,0,0
450000.0,88.0,4.0,6.0,11.0,,1,1,0,5113.636363636364,,0.5454545454545454,1,0,0,0,1,0,0,0,0,0,0,0,0,0,0,0,0,0
232500.0,75.0,3.0,5.0,14.0,,0,1,0,3100.0,,0.35714285714285715,1,0,0,0,1,0,0,0,0,0,0,0,0,0,0,0,0,0
187000.0,57.0,3.0,3.0,3.0,,0,0,0,3280.7017543859647,,1.0,1,0,0,0,0,0,0,0,0,0,0,0,0,0,1,0,0,0
95000.0,41.0,2.0,2.0,2.0,,0,1,1,2317.0731707317073,,1.0,1,0,0,0,0,0,0,0,0,0,0,1,0,0,0,0,0,0
220000.0,60.0,2.0,1.0,2.0,,0,1,0,3666.6666666666665,,0.5,1,0,0,0,0,0,0,0,0,0,0,0,1,0,0,0,0,0
199000.0,66.0,2.0,1.0,5.0,,0,1,1,3015.151515151515,,0.2,1,0,0,0,1,0,0,0,0,0,0,0,0,0,0,0,0,0
145000.0,57.0,2.0,1.0,3.0,1970.0,0,1,1,2543.8596491228072,56.0,0.3333333333333333,1,0,0,0,0,0,0,0,0,0,0,0,1,0,0,0,0,0
360000.0,72.0,2.0,1.0,5.0,1933.0,0,1,0,5000.0,93.0,0.2,1,0,0,0,0,0,1,0,0,0,0,0,0,0,0,0,0,0
163225.0,65.0,2.0,1.0,5.0,2025.0,1,1,0,2511.153846153846,1.0,0.2,1,0,0,0,0,0,0,0,0,0,0,0,0,0,0,0,0,1
137000.0,56.0,2.0,2.0,6.0,,1,1,0,2446.4285714285716,,0.3333333333333333,1,0,0,0,0,0,0,0,0,0,0,0,0,0,0,0,0,1
219000.0,75.0,3.0,,2.0,,0,1,0,2920.0,,,1,0,0,0,0,0,0,0,0,0,0,0,0,0,0,0,0,1
450000.0,129.0,4.0,2.0,4.0,,1,1,1,3488.3720930232557,,0.5,1,0,0,0,0,0,0,0,0,0,1,0,0,0,0,0,0,0
200178.0,75.0,3.0,7.0,7.0,2027.0,1,1,1,2669.04,,1.0,1,0,0,0,0,0,0,1,0,0,0,0,0,0,0,0,0,0
505000.0,112.0,3.0,8.0,8.0,2025.0,0,1,1,4508.928571428572,1.0,1.0,1,0,0,0,0,0,0,0,1,0,0,0,0,0,0,0,0,0
200000.0,65.0,4.0,,5.0,2026.0,1,1,1,3076.923076923077,0.0,,1,0,0,0,0,0,1,0,0,0,0,0,0,0,0,0,0,0
138000.0,55.0,3.0,4.0,,2005.0,0,0,0,2509.090909090909,21.0,,1,0,0,0,0,0,0,0,0,0,0,0,1,0,0,0,0,0
109000.0,44.0,2.0,,3.0,2025.0,0,1,1,2477.2727272727275,1.0,,1,0,0,0,0,0,0,0,0,0,0,1,0,0,0,0,0,0
138000.0,32.0,1.0,11.0,15.0,,1,1,0,4312.5,,0.7333333333333333,1,0,0,0,0,0,0,0,1,0,0,0,0,0,0,0,0,0
155000.0,55.0,3.0,2.0,4.0,1980.0,0,0,1,2818.181818181818,46.0,0.5,1,0,0,0,0,0,0,0,0,0,0,0,0,0,0,0,0,1
205000.0,104.0,4.0,4.0,4.0,,0,1,0,1971.1538461538462,,1.0,1,0,0,0,0,0,0,0,0,0,0,0,1,0,0,0,0,0
180000.0,40.0,2.0,,5.0,,1,0,1,4500.0,,,1,0,0,0,0,0,0,0,0,0,0,0,0,1,0,0,0,0
320000.0,86.0,3.0,2.0,3.0,1933.0,0,1,0,3720.9302325581393,93.0,0.6666666666666666,1,0,0,0,0,0,0,0,0,0,0,0,0,1,0,0,0,0
635000.0,125.0,4.0,3.0,5.0,,1,1,0,5080.0,,0.6,1,0,0,0,0,0,0,0,0,0,0,0,0,1,0,0,0,0
127000.0,36.0,1.0,6.0,6.0,,1,1,0,3527.777777777778,,1.0,1,0,0,0,1,0,0,0,0,0,0,0,0,0,0,0,0,0
250888.0,57.0,2.0,1.0,22.0,,1,1,1,4401.543859649123,,0.045454545454545456,1,0,0,0,0,0,0,0,1,0,0,0,0,0,0,0,0,0
415000.0,110.0,3.0,4.0,5.0,,0,1,0,3772.7272727272725,,0.8,1,0,0,0,0,0,0,0,0,0,1,0,0,0,0,0,0,0
420000.0,123.0,4.0,1.0,3.0,2010.0,0,1,1,3414.6341463414633,16.0,0.3333333333333333,1,0,0,0,0,0,0,0,0,0,0,0,0,0,0,0,0,1
320000.0,86.0,3.0,2.0,3.0,,0,0,0,3720.9302325581393,,0.6666666666666666,1,0,0,0,0,0,0,0,0,0,0,0,0,1,0,0,0,0
101000.0,37.0,1.0,5.0,5.0,,0,1,0,2729.7297297297296,,1.0,1,0,0,0,0,0,0,0,0,0,0,0,0,0,1,0,0,0
334000.0,78.0,3.0,4.0,7.0,,1,1,0,4282.051282051282,,0.5714285714285714,1,0,0,0,0,0,0,0,0,0,0,0,0,1,0,0,0,0
207000.0,55.0,2.0,2.0,12.0,1970.0,1,1,0,3763.6363636363635,56.0,0.16666666666666666,1,0,0,0,0,0,0,0,0,0,0,0,0,0,0,1,0,0
520000.0,128.0,4.0,1.0,6.0,1995.0,1,1,1,4062.5,31.0,0.16666666666666666,1,0,0,0,1,0,0,0,0,0,0,0,0,0,0,0,0,0
186000.0,102.0,4.0,1.0,,,0,1,1,1823.5294117647059,,,1,0,0,0,0,0,1,0,0,0,0,0,0,0,0,0,0,0
450000.0,88.0,4.0,2.0,5.0,,1,1,1,5113.636363636364,,0.4,1,0,0,0,0,0,0,0,0,0,1,0,0,0,0,0,0,0
195000.0,71.0,3.0,1.0,6.0,,1,1,1,2746.478873239437,,0.16666666666666666,1,0,0,0,0,0,0,0,0,0,0,0,0,0,0,1,0,0
500000.0,88.0,3.0,22.0,24.0,,1,1,0,5681.818181818182,,0.9166666666666666,1,0,0,0,0,0,0,0,1,0,0,0,0,0,0,0,0,0
286000.0,53.0,2.0,7.0,10.0,,1,1,1,5396.226415094339,,0.7,1,0,0,0,1,0,0,0,0,0,0,0,0,0,0,0,0,0
136000.0,46.0,2.0,,3.0,,0,1,1,2956.521739130435,,,1,0,0,0,0,0,0,0,0,0,0,0,0,0,1,0,0,0
195870.0,65.0,3.0,1.0,6.0,2025.0,1,1,0,3013.3846153846152,1.0,0.16666666666666666,1,0,0,0,0,0,0,0,0,0,0,0,0,0,0,0,0,1
219000.0,119.0,5.0,7.0,8.0,2005.0,1,1,0,1840.3361344537816,21.0,0.875,1,0,0,0,0,0,0,1,0,0,0,0,0,0,0,0,0,0
125000.0,31.0,1.0,0.0,4.0,,0,0,0,4032.2580645161293,,0.0,1,0,0,0,0,0,1,0,0,0,0,0,0,0,0,0,0,0
170000.0,50.0,2.0,4.0,,,1,1,1,3400.0,,,1,0,0,0,0,0,0,0,0,0,0,0,1,0,0,0,0,0
594000.0,142.0,3.0,,13.0,,0,1,0,4183.098591549296,,,1,0,0,0,0,0,0,0,1,0,0,0,0,0,0,0,0,0
83000.0,46.0,2.0,1.0,2.0,2025.0,0,0,0,1804.3478260869565,1.0,0.5,1,0,0,0,0,0,0,0,0,0,0,1,0,0,0,0,0,0
604999.0,137.0,4.0,6.0,7.0,2025.0,1,1,1,4416.051094890511,1.0,0.8571428571428571,1,0,0,0,0,0,0,0,0,0,0,0,1,0,0,0,0,0
190000.0,81.0,3.0,5.0,10.0,1980.0,1,1,1,2345.679012345679,46.0,0.5,1,0,0,0,0,0,0,0,0,0,0,0,0,0,0,1,0,0
364000.0,91.0,4.0,6.0,7.0,2019.0,1,1,1,4000.0,7.0,0.8571428571428571,1,0,0,0,0,0,0,0,0,0,0,0,0,0,1,0,0,0
510000.0,107.0,4.0,1.0,2.0,1940.0,0,1,1,4766.355140186916,86.0,0.5,1,0,0,0,0,0,1,0,0,0,0,0,0,0,0,0,0,0
510000.0,93.0,3.0,1.0,5.0,2017.0,1,0,1,5483.870967741936,9.0,0.2,1,0,0,0,0,0,0,0,0,0,0,0,0,1,0,0,0,0
199000.0,113.0,3.0,3.0,3.0,,0,1,1,1761.0619469026549,,1.0,1,0,0,0,0,0,0,0,1,0,0,0,0,0,0,0,0,0
365000.0,83.0,3.0,15.0,23.0,2019.0,1,1,1,4397.590361445783,7.0,0.6521739130434783,1,0,0,0,0,0,0,0,1,0,0,0,0,0,0,0,0,0
199000.0,45.0,2.0,5.0,4.0,,1,1,0,4422.222222222223,,1.25,1,0,0,0,0,0,1,0,0,0,0,0,0,0,0,0,0,0
272000.0,91.0,3.0,7.0,11.0,,1,1,1,2989.010989010989,,0.6363636363636364,1,0,0,0,0,0,0,0,0,0,0,0,1,0,0,0,0,0
212000.0,47.0,2.0,2.0,6.0,,1,0,0,4510.63829787234,,0.3333333333333333,1,0,0,0,0,0,1,0,0,0,0,0,0,0,0,0,0,0
180000.0,45.0,2.0,4.0,8.0,2025.0,1,1,1,4000.0,1.0,0.5,1,0,0,0,0,0,0,0,0,0,0,0,1,0,0,0,0,0
436500.0,97.0,4.0,3.0,3.0,,0,0,0,4500.0,,1.0,1,0,0,0,0,0,0,0,0,0,1,0,0,0,0,0,0,0
505400.0,133.0,4.0,3.0,5.0,2025.0,0,1,1,3800.0,1.0,0.6,1,0,0,0,0,0,0,0,0,0,0,0,1,0,0,0,0,0
349900.0,82.0,3.0,2.0,4.0,,1,1,0,4267.073170731707,,0.5,1,0,0,0,0,0,0,0,0,0,0,0,0,0,0,0,0,1
190000.0,78.0,2.0,3.0,4.0,2018.0,0,1,1,2435.897435897436,8.0,0.75,1,0,0,0,0,0,0,0,0,0,0,0,0,0,0,1,0,0
150000.0,60.0,3.0,2.0,3.0,,0,1,1,2500.0,,0.6666666666666666,1,0,0,0,0,0,0,0,0,0,0,0,0,0,1,0,0,0
110000.0,42.0,2.0,-1.0,3.0,2006.0,0,0,0,2619.0476190476193,20.0,-0.3333333333333333,1,0,0,0,0,0,0,0,0,0,0,0,0,0,0,1,0,0
280000.0,54.0,2.0,7.0,9.0,2026.0,1,1,1,5185.185185185185,0.0,0.7777777777777778,1,0,0,0,0,0,0,0,0,0,1,0,0,0,0,0,0,0
210000.0,79.0,3.0,2.0,2.0,,0,1,1,2658.227848101266,,1.0,1,0,0,0,0,0,0,0,0,0,0,0,1,0,0,0,0,0
272888.0,61.0,2.0,5.0,25.0,,1,1,1,4473.573770491803,,0.2,1,0,0,0,0,0,0,0,1,0,0,0,0,0,0,0,0,0
125000.0,55.0,3.0,5.0,5.0,2001.0,0,1,0,2272.7272727272725,25.0,1.0,1,0,0,0,0,0,0,0,0,0,0,0,0,0,0,0,0,1
105000.0,58.0,2.0,,4.0,,0,0,0,1810.344827586207,,,1,0,0,0,0,0,1,0,0,0,0,0,0,0,0,0,0,0
475200.0,132.0,4.0,,2.0,2026.0,1,1,1,3600.0,0.0,,1,0,0,0,1,0,0,0,0,0,0,0,0,0,0,0,0,0
210000.0,59.0,2.0,1.0,2.0,,0,0,0,3559.322033898305,,0.5,1,0,0,0,0,0,1,0,0,0,0,0,0,0,0,0,0,0
80000.0,19.0,1.0,,4.0,,0,0,0,4210.526315789473,,,1,0,0,0,0,0,0,0,0,0,0,0,0,0,0,1,0,0
350000.0,80.0,3.0,2.0,6.0,,1,1,0,4375.0,,0.3333333333333333,1,0,0,0,0,0,0,0,0,0,0,0,0,1,0,0,0,0
135000.0,27.0,1.0,2.0,4.0,2005.0,0,0,0,5000.0,21.0,0.5,1,0,0,0,0,0,0,0,0,0,0,0,1,0,0,0,0,0
320000.0,53.0,2.0,1.0,8.0,2026.0,1,1,1,6037.735849056604,0.0,0.125,1,0,0,0,0,0,0,0,0,0,0,0,0,1,0,0,0,0
660000.0,136.0,3.0,2.0,2.0,2007.0,1,1,1,4852.941176470588,19.0,1.0,1,0,0,0,0,0,0,0,0,0,0,0,0,1,0,0,0,0
225000.0,76.0,3.0,1.0,7.0,,1,1,1,2960.5263157894738,,0.14285714285714285,1,0,0,0,1,0,0,0,0,0,0,0,0,0,0,0,0,0
400000.0,58.0,2.0,,10.0,,1,0,1,6896.551724137931,,,1,0,0,0,0,0,0,0,1,0,0,0,0,0,0,0,0,0
499000.0,93.0,3.0,5.0,17.0,,1,1,1,5365.591397849463,,0.29411764705882354,1,0,0,0,0,0,0,0,1,0,0,0,0,0,0,0,0,0
87300.0,39.0,2.0,1.0,2.0,2026.0,0,1,1,2238.4615384615386,0.0,0.5,1,0,0,0,0,0,0,1,0,0,0,0,0,0,0,0,0,0
260400.0,74.0,3.0,6.0,6.0,,1,1,1,3518.9189189189187,,1.0,1,0,0,0,0,0,0,0,0,0,0,0,1,0,0,0,0,0
157000.0,84.0,2.0,2.0,2.0,1970.0,0,1,1,1869.047619047619,56.0,1.0,1,0,0,0,0,0,0,0,0,0,0,0,0,0,0,0,0,1
374000.0,117.0,4.0,8.0,8.0,2025.0,1,1,1,3196.5811965811968,1.0,1.0,1,0,0,0,0,0,0,0,0,0,0,0,1,0,0,0,0,0
533000.0,126.0,4.0,7.0,7.0,2026.0,0,1,1,4230.158730158731,0.0,1.0,1,0,0,0,0,0,0,0,0,0,0,0,0,0,0,1,0,0
199000.0,64.0,3.0,18.0,19.0,,1,1,0,3109.375,,0.9473684210526315,1,0,0,0,1,0,0,0,0,0,0,0,0,0,0,0,0,0
423200.0,92.0,4.0,5.0,6.0,,1,1,0,4600.0,,0.8333333333333334,1,0,0,0,0,0,0,0,0,0,1,0,0,0,0,0,0,0
210000.0,75.0,3.0,0.0,7.0,1980.0,1,1,0,2800.0,46.0,0.0,1,0,0,0,0,0,0,0,0,0,0,0,0,0,0,0,0,1
145000.0,95.0,2.0,,2.0,,0,1,0,1526.3157894736842,,,1,0,0,0,0,0,0,0,0,0,0,0,0,0,0,0,0,1
194039.0,67.0,2.0,3.0,9.0,,1,1,0,2896.10447761194,,0.3333333333333333,1,0,0,0,0,0,0,1,0,0,0,0,0,0,0,0,0,0
320000.0,86.0,3.0,2.0,,,0,1,0,3720.9302325581393,,,1,0,0,0,0,0,0,0,0,0,0,0,0,1,0,0,0,0
399000.0,106.0,3.0,7.0,13.0,,1,1,1,3764.1509433962265,,0.5384615384615384,1,0,0,0,1,0,0,0,0,0,0,0,0,0,0,0,0,0
153000.0,30.0,2.0,,4.0,2021.0,1,0,0,5100.0,5.0,,1,0,0,0,0,0,0,0,0,0,1,0,0,0,0,0,0,0
440000.0,78.0,3.0,18.0,22.0,,1,1,0,5641.025641025641,,0.8181818181818182,1,0,0,0,1,0,0,0,0,0,0,0,0,0,0,0,0,0
147400.0,67.0,4.0,2.0,4.0,,1,1,1,2200.0,,0.5,1,0,0,0,0,0,0,0,0,0,0,0,0,0,0,1,0,0
126800.0,45.0,2.0,2.0,2.0,2025.0,0,1,1,2817.777777777778,1.0,1.0,1,0,0,0,0,0,0,0,0,0,0,1,0,0,0,0,0,0
122000.0,63.0,2.0,,6.0,2028.0,1,1,0,1936.5079365079366,,,1,0,0,0,0,0,0,0,0,0,0,0,0,0,1,0,0,0
185470.0,55.0,2.0,5.0,7.0,2026.0,1,1,1,3372.181818181818,0.0,0.7142857142857143,1,0,0,0,0,0,0,0,0,0,0,0,0,0,0,1,0,0
328000.0,72.0,3.0,7.0,8.0,,1,1,1,4555.555555555556,,0.875,1,0,0,0,0,0,0,0,1,0,0,0,0,0,0,0,0,0
241388.0,65.0,2.0,3.0,4.0,2026.0,1,1,0,3713.6615384615384,0.0,0.75,1,0,0,0,0,0,1,0,0,0,0,0,0,0,0,0,0,0
122000.0,50.0,2.0,3.0,3.0,,0,0,0,2440.0,,1.0,1,0,0,0,0,0,0,0,0,0,0,0,0,0,0,0,0,1
214000.0,69.0,2.0,2.0,,,0,1,0,3101.449275362319,,,1,0,0,0,0,0,0,0,0,0,0,0,0,1,0,0,0,0
145000.0,30.0,1.0,,4.0,,0,0,1,4833.333333333333,,,1,0,0,0,0,0,0,0,0,0,0,0,0,0,0,1,0,0
256888.0,55.0,2.0,1.0,,,1,1,1,4670.690909090909,,,1,0,0,0,0,0,0,0,1,0,0,0,0,0,0,0,0,0
130000.0,35.0,1.0,6.0,6.0,,0,1,0,3714.285714285714,,1.0,1,0,0,0,0,0,0,0,1,0,0,0,0,0,0,0,0,0
362000.0,80.0,3.0,2.0,18.0,,1,1,1,4525.0,,0.1111111111111111,1,0,0,0,0,0,0,0,1,0,0,0,0,0,0,0,0,0
63000.0,26.0,1.0,1.0,3.0,2026.0,1,1,1,2423.076923076923,0.0,0.3333333333333333,1,0,0,0,0,0,0,0,0,0,0,0,0,0,0,1,0,0
209000.0,95.0,3.0,,,,0,0,0,2200.0,,,1,0,0,0,0,0,0,0,0,0,0,0,0,0,1,0,0,0
415000.0,75.0,3.0,6.0,8.0,,1,1,0,5533.333333333333,,0.75,1,0,0,0,1,0,0,0,0,0,0,0,0,0,0,0,0,0
84000.0,33.0,1.0,,3.0,,0,0,1,2545.4545454545455,,,1,0,0,0,0,0,0,0,0,0,0,0,0,0,0,1,0,0
519000.0,134.0,4.0,12.0,12.0,2026.0,1,1,1,3873.134328358209,0.0,1.0,1,0,0,0,0,0,0,0,0,0,1,0,0,0,0,0,0,0
266500.0,57.0,2.0,1.0,14.0,,1,1,1,4675.438596491228,,0.07142857142857142,1,0,0,0,0,0,0,0,1,0,0,0,0,0,0,0,0,0
288119.0,78.0,3.0,3.0,4.0,2026.0,1,1,1,3693.8333333333335,0.0,0.75,1,0,0,0,1,0,0,0,0,0,0,0,0,0,0,0,0,0
119000.0,41.0,2.0,,2.0,2027.0,0,1,1,2902.439024390244,,,1,0,0,0,0,0,0,0,0,0,0,0,0,0,1,0,0,0
115567.0,47.0,2.0,2.0,1.0,2026.0,0,1,1,2458.872340425532,0.0,2.0,1,0,0,0,0,0,0,0,0,0,0,0,1,0,0,0,0,0
268450.0,91.0,4.0,1.0,4.0,2026.0,1,1,1,2950.0,0.0,0.25,1,0,0,0,0,0,0,0,0,0,0,0,0,0,0,1,0,0
327500.0,108.0,4.0,,3.0,2026.0,1,1,1,3032.4074074074074,0.0,,1,0,0,0,0,0,0,0,0,0,0,0,0,0,1,0,0,0
268155.0,91.0,4.0,2.0,3.0,,1,1,1,2946.7582417582416,,0.6666666666666666,1,0,0,0,0,0,0,0,0,0,0,0,0,0,0,1,0,0
168807.0,77.0,3.0,4.0,4.0,2025.0,1,1,1,2192.2987012987014,1.0,1.0,1,0,0,0,0,0,0,0,0,0,0,0,0,0,0,1,0,0
85000.0,56.0,2.0,3.0,4.0,,0,1,0,1517.857142857143,,0.75,1,0,0,0,0,0,1,0,0,0,0,0,0,0,0,0,0,0
120000.0,51.0,2.0,,6.0,,1,1,0,2352.9411764705883,,,1,0,0,0,0,0,0,0,0,0,0,0,0,0,0,1,0,0
347340.0,124.0,4.0,4.0,,,1,1,0,2801.1290322580644,,,1,0,0,0,0,0,1,0,0,0,0,0,0,0,0,0,0,0
399000.0,103.0,3.0,3.0,1.0,,0,1,1,3873.78640776699,,3.0,1,0,0,0,0,0,0,0,0,0,0,0,0,1,0,0,0,0
150000.0,61.0,4.0,,4.0,,0,0,1,2459.0163934426228,,,1,0,0,0,0,0,0,0,0,0,0,0,1,0,0,0,0,0
160000.0,66.0,2.0,1.0,3.0,2010.0,0,1,1,2424.242424242424,16.0,0.3333333333333333,1,0,0,0,0,0,0,0,0,0,0,0,1,0,0,0,0,0
210000.0,55.0,3.0,4.0,5.0,,0,1,0,3818.181818181818,,0.8,1,0,0,0,0,0,0,0,0,0,1,0,0,0,0,0,0,0
395000.0,130.0,4.0,,3.0,,1,1,1,3038.4615384615386,,,1,0,0,0,0,0,0,0,0,0,0,0,0,0,1,0,0,0
144162.0,80.0,3.0,3.0,4.0,2025.0,0,0,1,1802.025,1.0,0.75,1,0,1,0,0,0,0,0,0,0,0,0,0,0,0,0,0,0
336000.0,53.0,2.0,4.0,5.0,,1,0,1,6339.622641509434,,0.8,1,0,0,0,0,0,0,0,1,0,0,0,0,0,0,0,0,0
288587.0,73.0,3.0,2.0,6.0,,0,0,0,3953.246575342466,,0.3333333333333333,1,0,0,0,0,0,0,0,0,0,0,0,0,0,0,1,0,0
350000.0,121.0,4.0,6.0,6.0,,1,1,0,2892.561983471074,,1.0,1,0,0,0,0,0,0,0,0,0,0,0,0,1,0,0,0,0
524800.0,116.0,4.0,6.0,,,1,1,1,4524.137931034483,,,1,0,0,0,0,0,0,0,1,0,0,0,0,0,0,0,0,0
249500.0,95.0,4.0,,4.0,,0,1,0,2626.315789473684,,,1,0,0,0,0,0,1,0,0,0,0,0,0,0,0,0,0,0
145000.0,50.0,2.0,,2.0,,0,1,0,2900.0,,,1,0,0,0,0,0,0,0,0,0,0,0,0,0,0,0,0,1
313000.0,68.0,3.0,5.0,5.0,,1,0,0,4602.941176470588,,1.0,1,0,0,0,0,0,0,0,0,0,1,0,0,0,0,0,0,0
119000.0,47.0,2.0,,4.0,,1,1,0,2531.9148936170213,,,1,0,0,0,0,0,0,0,0,0,0,0,0,0,1,0,0,0
129954.0,48.0,2.0,2.0,3.0,,0,1,0,2707.375,,0.6666666666666666,1,0,0,0,0,0,0,0,0,0,0,0,1,0,0,0,0,0
203000.0,58.0,2.0,3.0,3.0,1986.0,0,1,0,3500.0,40.0,1.0,1,0,0,0,0,0,0,0,1,0,0,0,0,0,0,0,0,0
170000.0,61.0,3.0,5.0,10.0,,1,1,0,2786.8852459016393,,0.5,1,0,0,0,0,0,0,0,0,0,0,0,1,0,0,0,0,0
115000.0,41.0,2.0,3.0,4.0,,0,0,1,2804.878048780488,,0.75,1,0,0,0,0,0,1,0,0,0,0,0,0,0,0,0,0,0
130000.0,131.0,2.0,,3.0,2000.0,0,1,1,992.3664122137404,26.0,,1,0,0,0,0,0,0,0,0,0,0,0,0,0,1,0,0,0
146192.0,54.0,3.0,,2.0,2025.0,0,1,1,2707.259259259259,1.0,,1,0,0,0,0,0,0,0,0,0,0,0,0,0,0,1,0,0
120000.0,41.0,2.0,2.0,3.0,2025.0,1,1,1,2926.829268292683,1.0,0.6666666666666666,1,0,0,0,0,0,0,0,0,0,0,0,0,0,0,1,0,0
82800.0,36.0,2.0,0.0,1.0,,0,1,0,2300.0,,0.0,1,0,0,0,0,0,0,0,0,0,0,0,0,0,0,0,0,1
400000.0,107.0,4.0,1.0,2.0,,0,1,0,3738.3177570093458,,0.5,1,0,0,0,0,0,0,0,0,0,0,0,0,1,0,0,0,0
204999.0,65.0,3.0,4.0,5.0,,1,1,0,3153.8307692307694,,0.8,1,0,0,0,0,0,0,0,0,0,0,0,0,0,0,1,0,0
515000.0,113.0,3.0,11.0,,,1,1,1,4557.522123893806,,,1,0,0,0,0,0,0,0,1,0,0,0,0,0,0,0,0,0
288400.0,77.0,3.0,10.0,10.0,,0,0,0,3745.4545454545455,,1.0,1,0,0,0,0,0,0,0,0,0,0,0,0,0,1,0,0,0
159900.0,57.0,2.0,,2.0,,0,0,0,2805.2631578947367,,,1,0,0,0,0,0,1,0,0,0,0,0,0,0,0,0,0,0
138400.0,35.0,2.0,,2.0,,1,1,0,3954.285714285714,,,1,0,0,0,1,0,0,0,0,0,0,0,0,0,0,0,0,0
101200.0,46.0,2.0,,,2025.0,0,1,0,2200.0,1.0,,1,0,0,0,0,0,0,0,0,0,0,0,0,0,0,1,0,0
395000.0,75.0,2.0,1.0,,,1,1,1,5266.666666666667,,,1,0,0,0,0,0,0,0,1,0,0,0,0,0,0,0,0,0
143352.0,54.0,2.0,2.0,3.0,,1,1,0,2654.6666666666665,,0.6666666666666666,1,0,0,0,1,0,0,0,0,0,0,0,0,0,0,0,0,0
155000.0,55.0,2.0,3.0,3.0,,0,1,0,2818.181818181818,,1.0,1,0,0,0,0,0,1,0,0,0,0,0,0,0,0,0,0,0
267000.0,89.0,3.0,4.0,,,1,1,1,3000.0,,,1,0,0,0,0,0,0,0,0,0,0,0,0,0,0,1,0,0
257000.0,78.0,4.0,2.0,3.0,2026.0,1,1,1,3294.871794871795,0.0,0.6666666666666666,1,0,0,0,0,0,0,0,0,0,0,0,1,0,0,0,0,0
150000.0,30.0,1.0,,4.0,,0,0,0,5000.0,,,1,0,0,0,0,0,0,0,0,0,0,0,0,1,0,0,0,0
475000.0,96.0,4.0,4.0,5.0,,1,1,0,4947.916666666667,,0.8,1,0,0,0,1,0,0,0,0,0,0,0,0,0,0,0,0,0
200000.0,63.0,3.0,1.0,4.0,,1,1,1,3174.6031746031745,,0.25,1,0,0,0,0,0,0,0,0,0,0,0,0,0,1,0,0,0
235000.0,71.0,3.0,2.0,,2026.0,1,1,1,3309.8591549295775,0.0,,1,0,0,0,0,0,0,0,0,0,0,0,1,0,0,0,0,0
235000.0,76.0,3.0,5.0,20.0,,1,1,0,3092.1052631578946,,0.25,1,0,0,0,0,0,0,0,0,0,0,0,1,0,0,0,0,0
468000.0,129.0,4.0,5.0,5.0,2023.0,1,1,1,3627.906976744186,3.0,1.0,1,0,0,0,0,0,0,0,0,0,0,0,0,0,0,0,1,0
338000.0,64.0,4.0,4.0,4.0,2012.0,1,1,0,5281.25,14.0,1.0,1,0,0,0,0,0,0,0,0,0,0,0,0,0,0,0,1,0
650000.0,152.0,4.0,5.0,5.0,,1,1,0,4276.315789473684,,1.0,1,0,0,0,0,0,0,0,0,0,0,0,0,0,0,0,1,0
319000.0,60.0,3.0,3.0,6.0,,1,1,0,5316.666666666667,,0.5,1,0,0,0,0,0,0,0,0,0,0,0,0,0,0,0,1,0
385000.0,82.0,3.0,20.0,23.0,2019.0,0,1,0,4695.121951219512,7.0,0.8695652173913043,1,0,0,0,0,0,0,0,0,0,0,0,0,0,0,0,1,0
225000.0,60.0,3.0,,4.0,,1,1,1,3750.0,,,1,0,0,0,0,0,0,0,0,0,0,0,1,0,0,0,0,0
121473.0,61.0,2.0,4.0,4.0,2026.0,1,1,0,1991.360655737705,0.0,1.0,1,0,0,0,0,1,0,0,0,0,0,0,0,0,0,0,0,0
71150.0,43.0,1.0,,3.0,2026.0,0,0,1,1654.6511627906978,0.0,,1,0,0,0,0,1,0,0,0,0,0,0,0,0,0,0,0,0
78880.0,39.0,2.0,,2.0,2026.0,0,1,0,2022.5641025641025,0.0,,1,0,0,0,0,0,0,0,0,0,0,0,0,0,0,0,1,0
110000.0,41.0,2.0,2.0,4.0,2025.0,1,1,1,2682.9268292682927,1.0,0.5,1,0,0,0,0,0,0,0,0,0,0,0,0,0,0,0,1,0
286888.0,62.0,2.0,21.0,25.0,,0,1,0,4627.225806451613,,0.84,1,0,0,0,0,0,0,0,0,0,0,0,0,0,0,0,1,0
79000.0,44.0,2.0,3.0,4.0,,0,1,0,1795.4545454545455,,0.75,1,0,0,0,0,0,1,0,0,0,0,0,0,0,0,0,0,0
278000.0,136.0,6.0,4.0,4.0,,0,1,1,2044.1176470588234,,1.0,1,0,0,0,0,0,1,0,0,0,0,0,0,0,0,0,0,0
284795.0,103.0,5.0,3.0,3.0,,0,1,1,2765.0,,1.0,1,0,0,0,0,0,0,0,0,0,0,0,0,0,0,0,0,1
129930.0,71.0,3.0,2.0,2.0,,0,1,1,1830.0,,1.0,1,0,0,0,0,0,0,0,0,0,0,0,0,0,1,0,0,0
374900.0,71.0,3.0,3.0,4.0,,1,1,1,5280.281690140845,,0.75,1,0,0,0,0,0,0,0,0,0,0,0,0,1,0,0,0,0
199920.0,85.0,3.0,7.0,7.0,,1,1,1,2352.0,,1.0,1,0,0,0,0,0,0,0,0,0,0,0,0,0,0,1,0,0
379800.0,107.0,4.0,2.0,7.0,,1,1,1,3549.532710280374,,0.2857142857142857,1,0,0,0,0,0,0,0,0,0,0,0,0,1,0,0,0,0
439000.0,111.0,3.0,2.0,6.0,,1,1,1,3954.954954954955,,0.3333333333333333,1,0,0,0,0,0,0,0,0,0,1,0,0,0,0,0,0,0
189995.0,79.0,3.0,0.0,2.0,2018.0,0,1,1,2405.0,8.0,0.0,1,0,0,0,0,0,0,0,0,0,0,0,0,0,0,0,0,1
160000.0,54.0,2.0,4.0,4.0,2026.0,1,1,0,2962.962962962963,0.0,1.0,1,0,0,0,0,0,0,0,0,0,0,0,0,0,0,1,0,0
140000.0,50.0,2.5,4.0,4.0,1970.0,0,1,0,2800.0,56.0,1.0,1,0,0,0,0,0,0,1,0,0,0,0,0,0,0,0,0,0
150700.0,67.0,3.0,3.0,5.0,,0,1,1,2249.2537313432836,,0.6,1,0,0,0,0,0,0,1,0,0,0,0,0,0,0,0,0,0
365000.0,97.0,3.0,0.0,3.0,2026.0,1,1,0,3762.8865979381444,0.0,0.0,1,0,0,0,0,0,0,0,0,0,0,0,0,0,0,1,0,0
149900.0,79.0,3.0,,3.0,,0,1,1,1897.4683544303798,,,1,0,0,0,0,0,0,0,0,0,0,0,0,0,0,0,0,1
169970.0,71.0,3.0,,4.0,,0,1,1,2393.943661971831,,,1,0,0,0,0,0,0,0,0,0,0,0,1,0,0,0,0,0
330000.0,92.0,4.0,2.0,6.0,,1,1,0,3586.9565217391305,,0.3333333333333333,1,0,0,0,0,0,0,1,0,0,0,0,0,0,0,0,0,0
359000.0,100.0,2.0,6.0,6.0,,1,0,0,3590.0,,1.0,1,0,0,0,0,0,0,0,0,0,1,0,0,0,0,0,0,0
399000.0,118.0,4.0,4.0,4.0,2026.0,1,1,1,3381.35593220339,0.0,1.0,1,0,0,0,0,0,0,0,0,0,0,0,1,0,0,0,0,0
300000.0,75.0,2.0,3.0,6.0,,1,1,1,4000.0,,0.5,1,0,0,0,1,0,0,0,0,0,0,0,0,0,0,0,0,0
440000.0,107.0,3.0,9.0,9.0,2026.0,1,0,0,4112.14953271028,0.0,1.0,1,0,0,0,1,0,0,0,0,0,0,0,0,0,0,0,0,0
74800.0,44.0,2.0,2.0,2.0,2025.0,0,0,1,1700.0,1.0,1.0,1,0,0,0,0,0,0,0,0,0,0,0,0,0,0,0,0,1
98600.0,58.0,1.0,2.0,2.0,2025.0,0,1,1,1700.0,1.0,1.0,1,0,0,0,0,0,0,0,0,0,0,0,0,0,0,0,0,1
114000.0,73.0,3.0,1.0,1.0,2026.0,0,1,1,1561.6438356164383,0.0,1.0,1,0,1,0,0,0,0,0,0,0,0,0,0,0,0,0,0,0
349800.0,105.0,6.0,1.0,5.0,1939.0,1,1,1,3331.4285714285716,87.0,0.2,1,0,0,0,0,0,0,0,1,0,0,0,0,0,0,0,0,0
420000.0,142.0,4.0,2.0,3.0,2008.0,1,1,1,2957.7464788732395,18.0,0.6666666666666666,1,0,0,0,0,0,0,0,0,0,0,0,0,0,1,0,0,0
184900.0,52.0,3.0,2.0,4.0,1968.0,0,1,0,3555.769230769231,58.0,0.5,1,0,0,0,0,0,0,0,0,0,0,0,1,0,0,0,0,0
195000.0,63.0,3.0,1.0,4.0,2018.0,0,1,1,3095.2380952380954,8.0,0.25,1,0,0,0,0,0,0,0,0,0,0,0,0,0,0,1,0,0
489900.0,99.0,4.0,3.0,7.0,2025.0,0,1,1,4948.484848484848,1.0,0.42857142857142855,1,0,0,0,0,0,0,0,0,0,0,0,1,0,0,0,0,0
285000.0,66.0,3.0,2.0,3.0,1936.0,0,1,0,4318.181818181818,90.0,0.6666666666666666,1,0,0,0,0,0,0,0,1,0,0,0,0,0,0,0,0,0
87000.0,33.0,2.0,2.0,5.0,2001.0,0,1,0,2636.3636363636365,25.0,0.4,1,0,0,0,0,0,0,0,0,0,0,0,0,0,0,0,0,1
130000.0,92.0,3.0,1.0,2.0,2020.0,0,0,1,1413.0434782608695,6.0,0.5,1,0,0,0,0,0,1,0,0,0,0,0,0,0,0,0,0,0
199000.0,40.0,2.0,1.0,1.0,,0,1,0,4975.0,,1.0,1,0,0,0,0,0,0,0,0,0,0,0,0,1,0,0,0,0
240000.0,88.0,3.0,7.0,7.0,2014.0,1,1,0,2727.2727272727275,12.0,1.0,1,0,0,0,0,0,0,0,0,0,0,0,1,0,0,0,0,0
520000.0,127.0,4.0,4.0,4.0,2020.0,1,0,1,4094.488188976378,6.0,1.0,1,0,0,0,0,0,0,0,0,0,0,0,1,0,0,0,0,0
349000.0,94.0,4.0,1.0,5.0,1970.0,0,1,0,3712.7659574468084,56.0,0.2,1,0,0,0,0,0,0,0,0,0,0,0,0,0,1,0,0,0
116000.0,43.0,2.0,2.0,3.0,2025.0,0,1,1,2697.6744186046512,1.0,0.6666666666666666,1,0,0,0,0,0,0,0,0,0,0,1,0,0,0,0,0,0
505400.0,133.0,4.0,4.0,4.0,2025.0,1,1,1,3800.0,1.0,1.0,1,0,0,0,0,0,0,0,0,0,0,0,1,0,0,0,0,0
196800.0,41.0,2.0,3.0,7.0,2018.0,0,1,0,4800.0,8.0,0.42857142857142855,1,0,0,0,0,0,0,0,0,0,0,0,0,0,1,0,0,0
296000.0,74.0,4.0,2.0,3.0,2023.0,1,1,1,4000.0,3.0,0.6666666666666666,1,0,0,0,0,0,0,0,0,0,0,0,0,0,0,1,0,0
371900.0,81.0,3.0,1.0,6.0,2016.0,1,1,0,4591.358024691358,10.0,0.16666666666666666,1,0,0,0,1,0,0,0,0,0,0,0,0,0,0,0,0,0
139000.0,86.0,4.0,1.0,1.0,2026.0,0,1,1,1616.2790697674418,0.0,1.0,1,0,1,0,0,0,0,0,0,0,0,0,0,0,0,0,0,0
516900.0,114.0,3.0,8.0,8.0,2025.0,0,1,1,4534.210526315789,1.0,1.0,1,0,0,0,0,0,0,0,1,0,0,0,0,0,0,0,0,0
185000.0,50.0,2.0,5.0,5.0,2023.0,1,1,0,3700.0,3.0,1.0,1,0,0,0,0,0,0,0,0,0,0,0,0,0,1,0,0,0
303000.0,118.0,5.0,6.0,6.0,2014.0,1,1,0,2567.7966101694915,12.0,1.0,1,0,0,0,0,0,0,0,0,0,0,0,0,0,0,1,0,0
272427.0,79.0,3.0,1.0,1.0,2026.0,0,1,1,3448.4430379746836,0.0,1.0,1,0,0,0,0,0,0,0,0,0,0,0,0,0,1,0,0,0
133000.0,50.0,2.0,3.0,3.0,2009.0,0,0,0,2660.0,17.0,1.0,1,0,0,0,0,0,0,0,0,0,0,0,0,0,0,1,0,0
349000.0,134.0,5.0,4.0,4.0,,0,0,0,2604.4776119402986,,1.0,1,0,0,0,0,0,0,0,0,0,1,0,0,0,0,0,0,0
349000.0,90.0,4.0,4.0,6.0,1970.0,1,1,0,3877.777777777778,56.0,0.6666666666666666,1,0,0,0,0,0,0,0,0,0,0,0,0,1,0,0,0,0
183000.0,51.0,2.0,3.0,4.0,2012.0,0,1,0,3588.235294117647,14.0,0.75,1,0,0,0,0,0,0,0,0,0,0,0,1,0,0,0,0,0
384000.0,102.0,4.0,5.0,5.0,1980.0,0,1,0,3764.705882352941,46.0,1.0,1,0,0,0,0,0,0,0,0,0,0,0,0,0,0,0,0,1
227500.0,65.0,3.0,4.0,4.0,2026.0,1,1,1,3500.0,0.0,1.0,1,0,0,0,0,0,0,0,0,0,0,0,0,0,0,1,0,0
350000.0,77.0,3.0,2.0,2.0,2015.0,0,1,1,4545.454545454545,11.0,1.0,1,0,0,0,0,0,0,0,1,0,0,0,0,0,0,0,0,0
92000.0,55.0,3.0,2.0,4.0,2010.0,0,1,0,1672.7272727272727,16.0,0.5,1,0,0,0,0,0,0,0,0,0,0,0,0,0,0,1,0,0
180000.0,63.0,3.0,3.0,4.0,2010.0,0,1,0,2857.1428571428573,16.0,0.75,1,0,0,0,0,0,0,0,0,0,0,0,0,0,0,1,0,0
230000.0,67.0,3.0,1.0,5.0,2022.0,1,1,0,3432.8358208955224,4.0,0.2,1,0,0,0,0,0,1,0,0,0,0,0,0,0,0,0,0,0
160000.0,84.0,3.0,2.0,2.0,,0,1,1,1904.7619047619048,,1.0,1,0,0,0,0,0,0,0,0,0,0,0,0,0,1,0,0,0
417000.0,95.0,3.0,2.0,7.0,,1,0,0,4389.473684210527,,0.2857142857142857,1,0,0,0,0,0,0,0,0,0,1,0,0,0,0,0,0,0
249000.0,56.0,2.0,2.0,7.0,,1,1,0,4446.428571428572,,0.2857142857142857,1,0,0,0,1,0,0,0,0,0,0,0,0,0,0,0,0,0
160000.0,80.0,3.0,4.0,5.0,,0,1,0,2000.0,,0.8,1,0,0,0,0,0,1,0,0,0,0,0,0,0,0,0,0,0
395000.0,81.0,3.0,6.0,8.0,,1,1,1,4876.543209876543,,0.75,1,0,0,0,0,0,0,0,1,0,0,0,0,0,0,0,0,0
175000.0,57.0,2.0,1.0,3.0,,0,1,1,3070.1754385964914,,0.3333333333333333,1,0,0,0,0,0,0,0,0,0,0,0,0,0,0,1,0,0
315000.0,78.0,3.0,4.0,4.0,,1,0,0,4038.4615384615386,,1.0,1,0,0,0,0,0,0,0,0,0,1,0,0,0,0,0,0,0
278000.0,135.0,6.0,4.0,4.0,,0,1,0,2059.259259259259,,1.0,1,0,0,0,0,0,1,0,0,0,0,0,0,0,0,0,0,0
515000.0,103.0,4.0,3.0,6.0,,1,1,0,5000.0,,0.5,1,0,0,0,0,0,0,0,0,0,0,0,0,1,0,0,0,0
275000.0,73.0,3.0,4.0,6.0,,0,1,1,3767.123287671233,,0.6666666666666666,1,0,0,0,0,0,0,0,0,0,0,0,0,0,0,1,0,0
244000.0,61.0,3.0,2.0,4.0,,0,1,0,4000.0,,0.5,1,0,0,0,0,0,0,0,0,0,0,0,0,0,1,0,0,0
195000.0,48.0,2.0,4.0,5.0,,0,1,1,4062.5,,0.8,1,0,0,0,0,0,1,0,0,0,0,0,0,0,0,0,0,0
290000.0,54.0,2.0,5.0,15.0,2022.0,1,1,1,5370.37037037037,4.0,0.3333333333333333,1,0,0,0,0,0,0,0,1,0,0,0,0,0,0,0,0,0
420000.0,136.0,3.0,3.0,4.0,,0,1,1,3088.235294117647,,0.75,1,0,0,0,0,0,0,0,0,0,0,0,1,0,0,0,0,0
330000.0,94.0,4.0,3.0,4.0,,1,1,0,3510.6382978723404,,0.75,1,0,0,0,0,0,0,0,0,0,0,0,0,0,0,1,0,0
230000.0,70.0,2.0,2.0,4.0,,0,1,0,3285.714285714286,,0.5,1,0,0,0,1,0,0,0,0,0,0,0,0,0,0,0,0,0
199900.0,64.0,3.0,18.0,19.0,,1,1,1,3123.4375,,0.9473684210526315,1,0,0,0,1,0,0,0,0,0,0,0,0,0,0,0,0,0
163000.0,37.0,2.0,4.0,7.0,,1,1,1,4405.405405405405,,0.5714285714285714,1,0,0,0,0,0,0,0,0,0,0,0,0,0,1,0,0,0
280000.0,70.0,2.0,2.0,10.0,2023.0,1,1,1,4000.0,3.0,0.2,1,0,0,0,1,0,0,0,0,0,0,0,0,0,0,0,0,0
66500.0,38.0,2.0,3.0,3.0,2024.0,0,1,1,1750.0,2.0,1.0,1,0,1,0,0,0,0,0,0,0,0,0,0,0,0,0,0,0
247500.0,66.0,3.0,5.0,6.0,,1,1,1,3750.0,,0.8333333333333334,1,0,0,0,0,0,0,0,0,0,0,0,0,0,1,0,0,0
161000.0,85.0,4.0,1.0,1.0,,0,0,0,1894.1176470588234,,1.0,1,0,0,0,0,0,0,0,0,0,0,0,0,0,1,0,0,0
135000.0,70.0,3.0,2.0,3.0,,0,1,0,1928.5714285714287,,0.6666666666666666,1,0,1,0,0,0,0,0,0,0,0,0,0,0,0,0,0,0
459000.0,142.0,4.0,2.0,2.0,,0,1,0,3232.394366197183,,1.0,1,0,0,0,0,0,0,0,0,0,0,0,0,0,0,0,0,1
119000.0,34.0,2.0,2.0,5.0,,0,1,1,3500.0,,0.4,1,0,0,0,0,0,1,0,0,0,0,0,0,0,0,0,0,0
397000.0,140.0,5.0,3.0,4.0,,0,1,1,2835.714285714286,,0.75,1,0,0,0,0,0,0,0,0,0,0,0,0,0,0,0,0,1
194000.0,73.0,3.0,19.0,22.0,,1,0,1,2657.5342465753424,,0.8636363636363636,1,0,0,0,0,0,0,0,0,0,0,0,0,0,1,0,0,0
329000.0,110.0,3.0,2.0,3.0,,0,1,0,2990.909090909091,,0.6666666666666666,1,0,0,0,0,0,0,0,0,0,0,0,0,1,0,0,0,0
208000.0,52.0,2.0,1.0,6.0,,0,1,0,4000.0,,0.16666666666666666,1,0,0,0,0,0,0,1,0,0,0,0,0,0,0,0,0,0
169900.0,63.0,3.0,6.0,6.0,,1,0,0,2696.8253968253966,,1.0,1,0,0,0,1,0,0,0,0,0,0,0,0,0,0,0,0,0
360000.0,104.0,5.0,1.0,4.0,,1,1,0,3461.5384615384614,,0.25,1,0,0,0,1,0,0,0,0,0,0,0,0,0,0,0,0,0
189000.0,70.0,3.0,1.0,7.0,,1,1,0,2700.0,,0.14285714285714285,1,0,0,0,0,0,0,0,0,0,0,0,1,0,0,0,0,0
148000.0,74.0,3.0,1.0,2.0,,0,1,0,2000.0,,0.5,1,0,0,0,0,0,0,0,0,1,0,0,0,0,0,0,0,0
440000.0,78.0,3.0,18.0,22.0,,0,1,0,5641.025641025641,,0.8181818181818182,1,0,0,0,1,0,0,0,0,0,0,0,0,0,0,0,0,0
379900.0,112.0,3.0,1.0,1.0,,0,1,0,3391.964285714286,,1.0,1,0,0,0,0,0,0,0,0,0,0,0,0,1,0,0,0,0
284000.0,142.0,5.0,1.0,4.0,,0,1,0,2000.0,,0.25,1,0,0,0,0,0,0,0,0,0,0,0,1,0,0,0,0,0
150000.0,59.0,3.0,4.0,4.0,,0,0,0,2542.3728813559323,,1.0,1,0,0,0,0,0,0,0,0,0,0,0,0,0,1,0,0,0
225000.0,60.0,2.0,7.0,9.0,,1,0,0,3750.0,,0.7777777777777778,1,0,0,0,1,0,0,0,0,0,0,0,0,0,0,0,0,0
269000.0,79.0,3.0,1.0,5.0,,1,1,0,3405.0632911392404,,0.2,1,0,0,0,0,0,0,0,0,0,0,0,0,0,0,1,0,0
190000.0,76.0,3.0,5.0,6.0,,1,1,0,2500.0,,0.8333333333333334,1,0,0,0,0,0,0,0,0,0,0,0,0,0,0,1,0,0
195000.0,44.0,3.0,2.0,2.0,,1,1,0,4431.818181818182,,1.0,1,0,0,0,0,0,0,0,0,0,0,0,0,1,0,0,0,0
125000.0,50.0,2.0,6.0,6.0,,1,0,0,2500.0,,1.0,1,0,0,0,0,0,0,0,0,0,0,0,0,0,0,1,0,0
550000.0,109.0,4.0,15.0,20.0,2024.0,1,1,1,5045.871559633028,2.0,0.75,1,0,0,0,0,0,0,0,1,0,0,0,0,0,0,0,0,0
250000.0,95.0,4.0,2.0,3.0,,0,1,0,2631.5789473684213,,0.6666666666666666,1,0,0,0,0,0,0,1,0,0,0,0,0,0,0,0,0,0
492800.0,112.0,3.0,6.0,9.0,,1,1,1,4400.0,,0.6666666666666666,1,0,0,0,0,0,0,0,0,0,0,0,0,0,0,1,0,0
255000.0,69.0,3.0,5.0,8.0,,1,1,0,3695.6521739130435,,0.625,1,0,0,0,1,0,0,0,0,0,0,0,0,0,0,0,0,0
205000.0,65.0,3.0,4.0,6.0,,1,0,0,3153.846153846154,,0.6666666666666666,1,0,0,0,0,0,0,0,0,0,0,0,0,0,0,1,0,0
189000.0,72.0,3.0,18.0,20.0,,0,1,0,2625.0,,0.9,1,0,0,0,0,0,0,0,0,0,0,0,0,1,0,0,0,0
360000.0,91.0,4.0,3.0,6.0,,1,1,0,3956.043956043956,,0.5,1,0,0,0,1,0,0,0,0,0,0,0,0,0,0,0,0,0
259000.0,70.0,3.0,3.0,6.0,,1,1,0,3700.0,,0.5,1,0,0,0,0,0,0,0,0,0,0,0,1,0,0,0,0,0
268000.0,103.0,4.0,5.0,7.0,,1,1,1,2601.9417475728155,,0.7142857142857143,1,0,0,0,0,0,0,0,0,0,0,0,0,0,0,0,0,1
375000.0,71.0,3.0,3.0,4.0,,1,1,1,5281.69014084507,,0.75,1,0,0,0,0,0,0,0,0,0,0,0,0,1,0,0,0,0
149000.0,51.0,2.0,1.0,4.0,,0,1,0,2921.5686274509803,,0.25,1,0,0,0,0,0,1,0,0,0,0,0,0,0,0,0,0,0
465000.0,110.0,5.0,3.0,4.0,,0,1,0,4227.272727272727,,0.75,1,0,0,0,0,0,0,0,0,0,1,0,0,0,0,0,0,0
198900.0,65.0,3.0,3.0,5.0,,1,1,1,3060.0,,0.6,1,0,0,0,0,0,0,0,0,0,0,0,0,0,0,0,0,1
191269.0,56.0,2.0,0.0,1.0,2026.0,0,0,1,3415.5178571428573,0.0,0.0,1,0,0,0,0,0,0,0,0,0,0,0,0,0,1,0,0,0
455000.0,86.0,3.0,3.0,4.0,,0,1,0,5290.697674418605,,0.75,1,0,0,0,0,0,0,0,0,0,0,0,0,1,0,0,0,0
219000.0,59.0,2.0,6.0,9.0,,1,1,0,3711.864406779661,,0.6666666666666666,1,0,0,0,1,0,0,0,0,0,0,0,0,0,0,0,0,0
360000.0,85.0,3.0,1.0,4.0,,1,1,1,4235.294117647059,,0.25,1,0,0,0,0,0,0,0,0,0,0,0,0,1,0,0,0,0
255000.0,57.0,2.0,2.0,3.0,,0,1,0,4473.684210526316,,0.6666666666666666,1,0,0,0,0,0,0,0,1,0,0,0,0,0,0,0,0,0
274500.0,61.0,3.0,1.0,4.0,,0,1,1,4500.0,,0.25,1,0,0,0,1,0,0,0,0,0,0,0,0,0,0,0,0,0
419000.0,103.0,4.0,6.0,8.0,,1,1,0,4067.9611650485435,,0.75,1,0,0,0,0,0,0,0,0,0,0,0,0,0,1,0,0,0
255000.0,64.0,3.0,1.0,4.0,,0,1,0,3984.375,,0.25,1,0,0,0,0,0,0,0,0,0,0,0,0,1,0,0,0,0
475000.0,91.0,3.0,6.0,20.0,,1,1,0,5219.780219780219,,0.3,1,0,0,0,0,0,0,0,1,0,0,0,0,0,0,0,0,0
83000.0,21.0,1.0,2.0,4.0,,0,1,0,3952.3809523809523,,0.5,1,0,0,0,0,0,0,0,0,0,0,0,1,0,0,0,0,0
210000.0,84.0,3.0,6.0,8.0,,1,1,0,2500.0,,0.75,1,0,0,0,0,0,0,0,0,0,0,0,0,0,0,1,0,0
200000.0,47.0,2.0,2.0,6.0,,1,1,1,4255.31914893617,,0.3333333333333333,1,0,0,0,1,0,0,0,0,0,0,0,0,0,0,0,0,0
368000.0,87.0,3.0,1.0,5.0,,0,1,0,4229.885057471264,,0.2,1,0,0,0,0,0,0,0,1,0,0,0,0,0,0,0,0,0
132999.0,50.0,2.0,,4.0,,0,1,0,2659.98,,,1,0,0,0,0,0,1,0,0,0,0,0,0,0,0,0,0,0
400000.0,79.0,3.0,2.0,5.0,,0,1,1,5063.291139240507,,0.4,1,0,0,0,0,0,0,0,0,0,0,0,0,1,0,0,0,0
320000.0,88.0,4.0,5.0,7.0,,1,1,0,3636.3636363636365,,0.7142857142857143,1,0,0,0,0,0,0,0,0,0,0,0,1,0,0,0,0,0
450000.0,96.0,5.0,5.0,5.0,,1,0,0,4687.5,,1.0,1,0,0,0,0,0,0,0,0,0,1,0,0,0,0,0,0,0
338000.0,110.0,5.0,4.0,4.0,,1,1,1,3072.7272727272725,,1.0,1,0,0,0,0,0,0,0,0,0,0,0,1,0,0,0,0,0
100000.0,46.0,3.0,2.0,2.0,,0,1,1,2173.913043478261,,1.0,1,0,0,0,0,0,0,0,0,0,0,0,0,0,1,0,0,0
399000.0,112.0,4.0,4.0,4.0,,1,1,0,3562.5,,1.0,1,0,0,0,0,0,0,0,0,0,0,0,0,1,0,0,0,0
350000.0,100.0,4.0,5.0,5.0,,1,1,0,3500.0,,1.0,1,0,0,0,0,0,1,0,0,0,0,0,0,0,0,0,0,0
595000.0,120.0,5.0,4.0,5.0,,0,1,0,4958.333333333333,,0.8,1,0,0,0,0,0,1,0,0,0,0,0,0,0,0,0,0,0
385000.0,84.0,3.0,4.0,9.0,,1,1,1,4583.333333333333,,0.4444444444444444,1,0,0,0,1,0,0,0,0,0,0,0,0,0,0,0,0,0
350000.0,76.0,3.0,3.0,9.0,,1,1,1,4605.263157894737,,0.3333333333333333,1,0,0,0,1,0,0,0,0,0,0,0,0,0,0,0,0,0
156000.0,34.0,2.0,16.0,16.0,1970.0,1,1,0,4588.235294117647,56.0,1.0,1,0,0,0,0,0,0,0,0,0,0,0,0,0,0,1,0,0
204900.0,61.0,3.0,9.0,11.0,,1,1,0,3359.0163934426228,,0.8181818181818182,1,0,0,0,0,0,0,0,0,0,0,0,0,0,0,1,0,0
128000.0,47.0,3.0,4.0,4.0,2020.0,0,1,0,2723.404255319149,6.0,1.0,1,0,0,0,0,0,0,0,0,0,0,0,0,0,1,0,0,0
195000.0,68.0,2.0,1.0,2.0,1933.0,0,1,0,2867.6470588235293,93.0,0.5,1,0,0,0,0,0,0,0,0,0,0,0,0,1,0,0,0,0
265000.0,53.0,2.0,1.0,3.0,1936.0,0,1,0,5000.0,90.0,0.3333333333333333,1,0,0,0,0,0,0,0,0,0,1,0,0,0,0,0,0,0
385000.0,91.0,4.0,7.0,7.0,2026.0,0,1,1,4230.7692307692305,0.0,1.0,1,0,0,0,0,0,0,0,0,0,0,0,0,0,0,1,0,0
285000.0,58.0,3.0,4.0,4.0,2014.0,1,1,0,4913.793103448276,12.0,1.0,1,0,0,0,0,0,0,0,0,0,1,0,0,0,0,0,0,0
116000.0,43.0,2.0,1.0,3.0,2026.0,0,1,1,2697.6744186046512,0.0,0.3333333333333333,1,0,0,0,0,0,0,0,0,0,0,1,0,0,0,0,0,0
187000.0,72.0,3.0,6.0,6.0,1968.0,0,1,0,2597.222222222222,58.0,1.0,1,0,0,0,0,0,0,0,0,0,0,0,0,0,0,1,0,0
169800.0,67.0,3.0,2.0,3.0,2023.0,0,1,1,2534.3283582089553,3.0,0.6666666666666666,1,0,0,0,0,0,0,0,0,0,0,1,0,0,0,0,0,0
142000.0,57.0,2.0,1.0,3.0,1970.0,0,1,0,2491.2280701754385,56.0,0.3333333333333333,1,0,0,0,0,0,0,0,0,0,0,0,0,0,1,0,0,0
125200.0,44.0,2.0,1.0,3.0,2025.0,0,1,1,2845.4545454545455,1.0,0.3333333333333333,1,0,0,0,0,0,0,0,0,0,0,1,0,0,0,0,0,0
119900.0,44.0,2.0,2.0,3.0,2025.0,0,1,1,2725.0,1.0,0.6666666666666666,1,0,0,0,0,0,0,0,0,0,0,1,0,0,0,0,0,0
99900.0,66.0,3.0,1.0,1.0,1972.0,0,0,1,1513.6363636363637,54.0,1.0,1,0,0,0,0,0,1,0,0,0,0,0,0,0,0,0,0,0
116000.0,43.0,2.0,1.0,3.0,2025.0,0,1,1,2697.6744186046512,1.0,0.3333333333333333,1,0,0,0,0,0,0,0,0,0,0,1,0,0,0,0,0,0
110700.0,82.0,3.0,2.0,3.0,,0,1,0,1350.0,,0.6666666666666666,1,0,0,0,0,0,0,0,0,0,0,0,0,0,1,0,0,0
275000.0,75.0,2.0,4.0,6.0,,1,0,0,3666.6666666666665,,0.6666666666666666,1,0,0,0,1,0,0,0,0,0,0,0,0,0,0,0,0,0
169000.0,69.0,3.0,4.0,4.0,2025.0,0,1,1,2449.2753623188405,1.0,1.0,1,0,0,0,0,0,0,0,0,0,0,1,0,0,0,0,0,0
125200.0,44.0,2.0,1.0,3.0,2025.0,0,1,1,2845.4545454545455,1.0,0.3333333333333333,1,0,0,0,0,0,0,0,0,0,0,1,0,0,0,0,0,0
335000.0,110.0,5.0,6.0,7.0,1985.0,1,1,1,3045.4545454545455,41.0,0.8571428571428571,1,0,0,0,1,0,0,0,0,0,0,0,0,0,0,0,0,0
118300.0,42.0,2.0,4.0,4.0,2024.0,0,1,1,2816.6666666666665,2.0,1.0,1,0,0,0,0,0,0,0,0,0,0,1,0,0,0,0,0,0
225000.0,56.0,3.0,4.0,4.0,2017.0,0,1,0,4017.8571428571427,9.0,1.0,1,0,0,0,0,0,0,0,0,0,0,0,0,0,0,1,0,0
156750.0,57.0,3.0,3.0,3.0,2025.0,0,1,1,2750.0,1.0,1.0,1,0,0,0,0,0,0,0,0,0,0,1,0,0,0,0,0,0
145000.0,50.0,3.0,3.0,3.0,2022.0,0,0,0,2900.0,4.0,1.0,1,0,0,0,0,0,0,0,0,0,0,1,0,0,0,0,0,0
132000.0,77.0,3.0,2.0,3.0,2000.0,0,1,0,1714.2857142857142,26.0,0.6666666666666666,1,0,1,0,0,0,0,0,0,0,0,0,0,0,0,0,0,0
169000.0,69.0,3.0,4.0,4.0,2025.0,0,1,1,2449.2753623188405,1.0,1.0,1,0,0,0,0,0,0,0,0,0,0,1,0,0,0,0,0,0
200000.0,53.0,3.0,1.0,9.0,2025.0,1,1,1,3773.5849056603774,1.0,0.1111111111111111,1,0,0,0,0,0,0,1,0,0,0,0,0,0,0,0,0,0
169000.0,69.0,3.0,4.0,4.0,2025.0,0,1,1,2449.2753623188405,1.0,1.0,1,0,0,0,0,0,0,0,0,0,0,1,0,0,0,0,0,0
360000.0,80.0,2.0,1.0,3.0,2026.0,0,1,1,4500.0,0.0,0.3333333333333333,1,0,0,0,0,0,0,0,0,0,0,0,1,0,0,0,0,0
252000.0,98.0,3.0,4.0,4.0,,0,1,0,2571.4285714285716,,1.0,1,0,0,0,0,0,0,0,0,0,0,0,1,0,0,0,0,0
116000.0,43.0,1.0,1.0,3.0,2025.0,0,1,1,2697.6744186046512,1.0,0.3333333333333333,1,0,0,0,0,0,0,0,0,0,0,1,0,0,0,0,0,0
185000.0,45.0,2.0,1.0,2.0,,0,0,0,4111.111111111111,,0.5,1,0,0,0,0,0,0,0,0,0,0,0,0,0,1,0,0,0
118300.0,42.0,1.0,4.0,4.0,2025.0,0,1,1,2816.6666666666665,1.0,1.0,1,0,0,0,0,0,0,0,0,0,0,1,0,0,0,0,0,0
156750.0,57.0,3.0,3.0,3.0,2025.0,0,1,1,2750.0,1.0,1.0,1,0,0,0,0,0,0,0,0,0,0,1,0,0,0,0,0,0
156750.0,57.0,3.0,3.0,2.0,2025.0,0,1,1,2750.0,1.0,1.5,1,0,0,0,0,0,0,0,0,0,0,1,0,0,0,0,0,0
415000.0,110.0,4.0,5.0,6.0,2003.0,0,1,0,3772.7272727272725,23.0,0.8333333333333334,1,0,0,0,0,0,0,0,0,0,0,0,0,0,0,1,0,0
164000.0,63.0,4.0,3.0,3.0,1970.0,0,0,0,2603.1746031746034,56.0,1.0,1,0,0,0,0,0,0,1,0,0,0,0,0,0,0,0,0,0
156750.0,57.0,3.0,3.0,3.0,2025.0,0,1,1,2750.0,1.0,1.0,1,0,0,0,0,0,0,0,0,0,0,1,0,0,0,0,0,0
466000.0,99.0,4.0,5.0,5.0,2022.0,0,1,1,4707.070707070707,4.0,1.0,1,0,0,0,0,0,0,0,0,0,0,0,0,0,0,1,0,0
440000.0,129.0,5.0,3.0,4.0,1926.0,0,1,0,3410.8527131782944,100.0,0.75,1,0,0,0,0,0,0,0,0,0,1,0,0,0,0,0,0,0
117000.0,39.0,2.0,3.0,3.0,2025.0,0,1,1,3000.0,1.0,1.0,1,0,0,0,0,0,0,0,0,0,0,1,0,0,0,0,0,0
170000.0,85.0,3.0,6.0,7.0,,0,0,0,2000.0,,0.8571428571428571,1,0,0,0,0,0,0,0,0,0,0,0,1,0,0,0,0,0
116000.0,43.0,2.0,1.0,3.0,2025.0,0,1,1,2697.6744186046512,1.0,0.3333333333333333,1,0,0,0,0,0,0,0,0,0,0,1,0,0,0,0,0,0
390000.0,72.0,3.0,13.0,15.0,,1,1,1,5416.666666666667,,0.8666666666666667,1,0,0,0,0,0,0,0,1,0,0,0,0,0,0,0,0,0
219000.0,108.0,5.0,7.0,8.0,2008.0,1,1,0,2027.7777777777778,18.0,0.875,1,0,0,0,0,0,0,1,0,0,0,0,0,0,0,0,0,0
239350.0,67.0,3.0,9.0,9.0,2024.0,1,1,1,3572.3880597014927,2.0,1.0,1,0,0,0,0,0,0,0,0,0,0,0,0,0,0,0,0,1
460000.0,130.0,4.0,2.0,3.0,2016.0,0,1,0,3538.4615384615386,10.0,0.6666666666666666,1,0,0,0,0,0,0,0,0,0,0,0,0,0,0,0,0,1
163800.0,78.0,3.0,3.0,3.0,2025.0,1,1,1,2100.0,1.0,1.0,1,0,0,0,0,0,0,0,0,0,0,0,0,0,0,1,0,0
600000.0,134.0,8.0,1.0,2.0,1900.0,0,1,0,4477.611940298508,126.0,0.5,1,0,0,0,0,0,0,0,0,0,0,0,0,0,1,0,0,0
145000.0,50.0,3.0,3.0,3.0,2026.0,0,1,1,2900.0,0.0,1.0,1,0,0,0,0,0,0,0,0,0,0,1,0,0,0,0,0,0
320000.0,71.0,3.0,3.0,8.0,,1,1,1,4507.042253521126,,0.375,1,0,0,0,0,0,0,0,0,0,0,0,0,0,1,0,0,0
189000.0,70.0,3.0,1.0,6.0,1993.0,1,1,0,2700.0,33.0,0.16666666666666666,1,0,0,0,0,0,0,0,0,0,0,0,1,0,0,0,0,0
177000.0,48.0,2.0,3.0,3.0,2012.0,0,1,0,3687.5,14.0,1.0,1,0,0,0,0,0,0,0,0,0,0,0,1,0,0,0,0,0
127600.0,44.0,1.0,3.0,3.0,2025.0,0,0,1,2900.0,1.0,1.0,1,0,0,0,0,0,0,0,0,0,0,1,0,0,0,0,0,0
399000.0,85.0,3.0,2.0,6.0,,0,1,0,4694.117647058823,,0.3333333333333333,1,0,0,0,1,0,0,0,0,0,0,0,0,0,0,0,0,0
260000.0,85.0,3.0,3.0,4.0,2010.0,0,1,0,3058.823529411765,16.0,0.75,1,0,0,0,0,0,0,0,0,0,0,0,1,0,0,0,0,0
159000.0,37.0,2.0,2.0,3.0,2019.0,0,1,1,4297.2972972972975,7.0,0.6666666666666666,1,0,0,0,0,0,0,0,0,0,0,0,0,0,0,1,0,0
92000.0,45.0,2.0,4.0,5.0,,0,1,0,2044.4444444444443,,0.8,1,0,0,0,0,1,0,0,0,0,0,0,0,0,0,0,0,0
125400.0,44.0,1.0,1.0,3.0,2025.0,0,1,1,2850.0,1.0,0.3333333333333333,1,0,0,0,0,0,0,0,0,0,0,1,0,0,0,0,0,0
242000.0,71.0,3.0,2.0,4.0,2026.0,1,1,1,3408.450704225352,0.0,0.5,1,0,0,0,0,0,0,0,0,0,0,0,0,0,1,0,0,0
119900.0,44.0,2.0,2.0,3.0,2025.0,0,1,1,2725.0,1.0,0.6666666666666666,1,0,0,0,0,0,0,0,0,0,0,1,0,0,0,0,0,0
228000.0,69.0,3.0,3.0,4.0,1995.0,1,1,0,3304.3478260869565,31.0,0.75,1,0,0,0,1,0,0,0,0,0,0,0,0,0,0,0,0,0
131600.0,47.0,2.0,4.0,4.0,2025.0,0,1,1,2800.0,1.0,1.0,1,0,0,0,0,0,0,0,0,0,0,1,0,0,0,0,0,0
136300.0,47.0,2.0,3.0,4.0,2025.0,0,1,1,2900.0,1.0,0.75,1,0,0,0,0,0,0,0,0,0,0,1,0,0,0,0,0,0
430000.0,144.0,3.0,6.0,6.0,2026.0,1,1,1,2986.1111111111113,0.0,1.0,1,0,0,0,0,0,0,0,0,0,0,0,0,0,1,0,0,0
172500.0,69.0,3.0,4.0,4.0,2024.0,0,1,1,2500.0,2.0,1.0,1,0,0,0,0,0,0,0,0,0,0,1,0,0,0,0,0,0
116000.0,43.0,2.0,2.0,3.0,2025.0,0,1,1,2697.6744186046512,1.0,0.6666666666666666,1,0,0,0,0,0,0,0,0,0,0,1,0,0,0,0,0,0
127600.0,44.0,2.0,3.0,3.0,2026.0,0,1,1,2900.0,0.0,1.0,1,0,0,0,0,0,0,0,0,0,0,1,0,0,0,0,0,0
156750.0,57.0,2.0,3.0,3.0,2025.0,0,1,1,2750.0,1.0,1.0,1,0,0,0,0,0,0,0,0,0,0,1,0,0,0,0,0,0
385000.0,91.0,2.0,2.0,7.0,2026.0,0,1,1,4230.7692307692305,0.0,0.2857142857142857,1,0,0,0,0,0,0,0,0,0,0,0,0,0,0,1,0,0
130000.0,48.0,2.0,3.0,4.0,1980.0,0,1,0,2708.3333333333335,46.0,0.75,1,0,0,0,0,0,1,0,0,0,0,0,0,0,0,0,0,0
385000.0,88.0,3.0,9.0,10.0,2022.0,1,0,0,4375.0,4.0,0.9,1,0,0,0,1,0,0,0,0,0,0,0,0,0,0,0,0,0
150000.0,50.0,3.0,3.0,3.0,2025.0,0,1,1,3000.0,1.0,1.0,1,0,0,0,0,0,0,0,0,0,0,1,0,0,0,0,0,0
116000.0,43.0,2.0,1.0,3.0,2025.0,0,1,1,2697.6744186046512,1.0,0.3333333333333333,1,0,0,0,0,0,0,0,0,0,0,1,0,0,0,0,0,0
147000.0,60.0,3.0,2.0,3.0,2023.0,1,1,0,2450.0,3.0,0.6666666666666666,1,0,0,0,0,0,0,0,0,0,0,0,0,0,0,1,0,0
395000.0,81.0,3.0,6.0,12.0,,1,1,1,4876.543209876543,,0.5,1,0,0,0,0,0,0,0,1,0,0,0,0,0,0,0,0,0
169800.0,67.0,3.0,2.0,3.0,2021.0,0,0,1,2534.3283582089553,5.0,0.6666666666666666,1,0,0,0,0,0,0,0,0,0,0,1,0,0,0,0,0,0
127500.0,44.0,2.0,3.0,3.0,2025.0,0,1,1,2897.7272727272725,1.0,1.0,1,0,0,0,0,0,0,0,0,0,0,1,0,0,0,0,0,0
387000.0,106.0,4.0,1.0,1.0,1932.0,0,1,1,3650.943396226415,94.0,1.0,1,0,0,0,0,0,0,0,0,0,0,0,0,1,0,0,0,0
116000.0,43.0,2.0,1.0,3.0,2025.0,0,1,1,2697.6744186046512,1.0,0.3333333333333333,1,0,0,0,0,0,0,0,0,0,0,1,0,0,0,0,0,0
439900.0,113.0,4.0,2.0,6.0,,1,1,0,3892.920353982301,,0.3333333333333333,1,0,0,0,1,0,0,0,0,0,0,0,0,0,0,0,0,0
156750.0,57.0,3.0,3.0,3.0,2024.0,0,1,1,2750.0,2.0,1.0,1,0,0,0,0,0,0,0,0,0,0,1,0,0,0,0,0,0
139000.0,122.0,5.0,3.0,4.0,2016.0,1,1,0,1139.344262295082,10.0,0.75,1,0,0,1,0,0,0,0,0,0,0,0,0,0,0,0,0,0
385000.0,91.0,4.0,1.0,6.0,2026.0,0,1,1,4230.7692307692305,0.0,0.16666666666666666,1,0,0,0,0,0,0,0,0,0,0,0,0,0,0,1,0,0
69990.0,50.0,2.0,1.0,4.0,2011.0,0,1,1,1399.8,15.0,0.25,1,0,0,0,0,0,1,0,0,0,0,0,0,0,0,0,0,0
127350.0,40.0,2.0,3.0,3.0,2025.0,0,1,1,3183.75,1.0,1.0,1,0,0,0,0,0,0,0,0,0,0,1,0,0,0,0,0,0
275000.0,54.0,2.0,4.0,7.0,2026.0,1,1,1,5092.592592592592,0.0,0.5714285714285714,1,0,0,0,0,0,0,0,0,0,1,0,0,0,0,0,0,0
380000.0,99.0,4.0,1.0,7.0,1998.0,1,0,1,3838.3838383838383,28.0,0.14285714285714285,1,0,0,0,0,0,0,0,1,0,0,0,0,0,0,0,0,0
245000.0,56.0,2.0,1.0,6.0,1952.0,1,0,0,4375.0,74.0,0.16666666666666666,1,0,0,0,0,0,0,0,0,0,0,0,0,1,0,0,0,0
56000.0,35.0,2.0,3.0,3.0,2004.0,0,1,1,1600.0,22.0,1.0,1,0,0,0,0,0,1,0,0,0,0,0,0,0,0,0,0,0
625000.0,100.0,3.0,3.0,6.0,,0,1,0,6250.0,,0.5,1,0,0,0,1,0,0,0,0,0,0,0,0,0,0,0,0,0
390000.0,124.0,4.0,1.0,4.0,,1,1,1,3145.1612903225805,,0.25,1,0,0,0,0,0,0,0,0,0,0,0,1,0,0,0,0,0
385000.0,91.0,4.0,6.0,7.0,2026.0,0,1,1,4230.7692307692305,0.0,0.8571428571428571,1,0,0,0,0,0,0,0,0,0,0,0,0,0,0,1,0,0
419000.0,105.0,4.0,6.0,8.0,,0,1,0,3990.4761904761904,,0.75,1,0,0,0,0,0,0,0,0,0,0,0,0,0,1,0,0,0
191000.0,46.0,2.0,2.0,6.0,,0,0,0,4152.173913043478,,0.3333333333333333,1,0,0,0,1,0,0,0,0,0,0,0,0,0,0,0,0,0
169800.0,67.0,3.0,2.0,3.0,2021.0,0,1,1,2534.3283582089553,5.0,0.6666666666666666,1,0,0,0,0,0,0,0,0,0,0,1,0,0,0,0,0,0
345000.0,82.0,4.0,1.0,8.0,2024.0,1,1,1,4207.317073170731,2.0,0.125,1,0,0,0,0,0,0,1,0,0,0,0,0,0,0,0,0,0
235000.0,77.0,3.0,1.0,6.0,1980.0,0,0,0,3051.948051948052,46.0,0.16666666666666666,1,0,0,0,0,0,0,0,0,0,0,0,1,0,0,0,0,0
127600.0,44.0,2.0,3.0,3.0,2025.0,0,1,1,2900.0,1.0,1.0,1,0,0,0,0,0,0,0,0,0,0,1,0,0,0,0,0,0
230000.0,64.0,3.0,3.0,4.0,2002.0,0,1,0,3593.75,24.0,0.75,1,0,0,0,1,0,0,0,0,0,0,0,0,0,0,0,0,0
156750.0,57.0,3.0,3.0,3.0,2025.0,0,1,1,2750.0,1.0,1.0,1,0,0,0,0,0,0,0,0,0,0,1,0,0,0,0,0,0
156750.0,57.0,3.0,3.0,1.0,2025.0,0,1,1,2750.0,1.0,3.0,1,0,0,0,0,0,0,0,0,0,0,1,0,0,0,0,0,0
125200.0,44.0,2.0,1.0,3.0,2025.0,0,1,1,2845.4545454545455,1.0,0.3333333333333333,1,0,0,0,0,0,0,0,0,0,0,1,0,0,0,0,0,0
103000.0,41.0,2.0,1.0,3.0,2026.0,1,1,0,2512.1951219512193,0.0,0.3333333333333333,1,0,0,0,0,0,0,0,0,0,0,0,0,0,0,1,0,0
172500.0,69.0,3.0,4.0,4.0,2025.0,0,1,1,2500.0,1.0,1.0,1,0,0,0,0,0,0,0,0,0,0,1,0,0,0,0,0,0
136300.0,47.0,2.0,3.0,4.0,2024.0,0,1,1,2900.0,2.0,0.75,1,0,0,0,0,0,0,0,0,0,0,1,0,0,0,0,0,0
132000.0,75.0,3.0,4.0,6.0,1985.0,1,1,1,1760.0,41.0,0.6666666666666666,1,0,0,0,0,0,1,0,0,0,0,0,0,0,0,0,0,0
160000.0,70.0,3.0,5.0,6.0,2013.0,1,1,1,2285.714285714286,13.0,0.8333333333333334,1,0,0,0,0,0,0,0,0,0,0,0,0,0,0,1,0,0
119900.0,44.0,2.0,2.0,3.0,2025.0,0,1,1,2725.0,1.0,0.6666666666666666,1,0,0,0,0,0,0,0,0,0,0,1,0,0,0,0,0,0
150000.0,50.0,3.0,3.0,3.0,2025.0,0,1,1,3000.0,1.0,1.0,1,0,0,0,0,0,0,0,0,0,0,1,0,0,0,0,0,0
118300.0,42.0,2.0,4.0,4.0,2025.0,0,1,1,2816.6666666666665,1.0,1.0,1,0,0,0,0,0,0,0,0,0,0,1,0,0,0,0,0,0
116000.0,43.0,2.0,1.0,3.0,2025.0,0,1,1,2697.6744186046512,1.0,0.3333333333333333,1,0,0,0,0,0,0,0,0,0,0,1,0,0,0,0,0,0
119900.0,44.0,2.0,2.0,3.0,2025.0,0,1,1,2725.0,1.0,0.6666666666666666,1,0,0,0,0,0,0,0,0,0,0,1,0,0,0,0,0,0
550000.0,109.0,4.0,15.0,17.0,,1,1,1,5045.871559633028,,0.8823529411764706,1,0,0,0,0,0,0,0,1,0,0,0,0,0,0,0,0,0
121700.0,52.0,2.0,3.0,3.0,2026.0,1,1,1,2340.3846153846152,0.0,1.0,1,0,0,0,0,0,0,0,0,0,0,0,0,0,0,1,0,0
169000.0,69.0,2.0,4.0,4.0,2025.0,0,1,1,2449.2753623188405,1.0,1.0,1,0,0,0,0,0,0,0,0,0,0,1,0,0,0,0,0,0
380000.0,114.0,4.0,4.0,4.0,,1,1,1,3333.3333333333335,,1.0,1,0,0,0,0,0,0,0,0,0,0,0,1,0,0,0,0,0
380000.0,104.0,5.0,2.0,4.0,1930.0,0,1,0,3653.846153846154,96.0,0.5,1,0,0,0,0,0,0,0,0,0,1,0,0,0,0,0,0,0
82000.0,33.0,2.0,2.0,3.0,2005.0,0,1,1,2484.848484848485,21.0,0.6666666666666666,1,0,0,0,0,0,0,0,0,0,0,0,0,0,0,0,0,1
215000.0,71.0,3.0,1.0,5.0,,0,1,1,3028.169014084507,,0.2,1,0,0,0,0,0,0,0,0,0,0,0,0,0,1,0,0,0
179900.0,73.0,4.0,14.0,15.0,,0,1,0,2464.3835616438355,,0.9333333333333333,1,0,0,0,0,0,0,1,0,0,0,0,0,0,0,0,0,0
195000.0,132.0,4.0,1.0,2.0,,0,1,0,1477.2727272727273,,0.5,1,0,0,1,0,0,0,0,0,0,0,0,0,0,0,0,0,0
215000.0,32.0,2.0,4.0,5.0,,0,1,0,6718.75,,0.8,1,0,0,0,0,0,0,0,0,0,0,0,0,1,0,0,0,0
189000.0,68.0,3.0,6.0,7.0,,1,1,0,2779.4117647058824,,0.8571428571428571,1,0,0,0,0,0,0,0,0,0,0,0,0,0,0,0,0,1
265000.0,109.0,6.0,1.0,2.0,,0,1,1,2431.1926605504586,,0.5,1,0,0,0,0,0,0,0,0,0,0,0,0,0,0,1,0,0
135000.0,48.0,2.0,2.0,3.0,,0,1,1,2812.5,,0.6666666666666666,1,0,0,0,0,0,0,0,0,0,0,0,1,0,0,0,0,0
399000.0,128.0,3.0,4.0,5.0,,0,1,0,3117.1875,,0.8,1,0,0,0,0,0,0,0,0,0,0,0,1,0,0,0,0,0
245000.0,87.0,3.0,3.0,3.0,,0,1,0,2816.0919540229884,,1.0,1,0,0,0,0,0,0,0,0,0,0,0,0,0,1,0,0,0
159000.0,45.0,2.0,3.0,5.0,,1,1,1,3533.3333333333335,,0.6,1,0,0,0,0,0,0,0,0,0,0,0,1,0,0,0,0,0
322000.0,92.0,3.0,3.0,3.0,,1,1,0,3500.0,,1.0,1,0,0,0,0,0,0,0,0,0,0,0,1,0,0,0,0,0
123500.0,37.0,1.0,1.0,2.0,,0,0,0,3337.837837837838,,0.5,1,0,0,0,0,0,0,0,0,0,0,0,0,0,0,1,0,0
240000.0,68.0,3.0,4.0,4.0,,0,1,0,3529.4117647058824,,1.0,1,0,0,0,0,0,0,0,0,0,0,0,0,0,0,1,0,0
420000.0,115.0,3.0,5.0,5.0,2011.0,1,1,0,3652.1739130434785,15.0,1.0,1,0,0,0,0,0,0,0,0,0,0,0,0,0,0,1,0,0
350000.0,117.0,4.0,0.0,3.0,,0,1,1,2991.4529914529912,,0.0,1,0,0,0,0,0,0,0,1,0,0,0,0,0,0,0,0,0
289900.0,75.0,3.0,4.0,5.0,,1,1,1,3865.3333333333335,,0.8,1,0,0,0,1,0,0,0,0,0,0,0,0,0,0,0,0,0
259000.0,98.0,4.0,2.0,3.0,,0,1,0,2642.8571428571427,,0.6666666666666666,1,0,0,0,0,0,0,0,0,0,0,0,0,0,0,0,0,1
120000.0,52.0,2.0,2.0,2.0,2025.0,0,1,1,2307.6923076923076,1.0,1.0,1,0,0,0,0,0,0,0,0,0,0,0,1,0,0,0,0,0
340300.0,82.0,3.0,2.0,24.0,,0,1,1,4150.0,,0.08333333333333333,1,0,0,0,0,0,0,0,1,0,0,0,0,0,0,0,0,0
170000.0,33.0,1.0,3.0,5.0,,0,1,0,5151.515151515152,,0.6,1,0,0,0,0,0,0,0,0,0,1,0,0,0,0,0,0,0
160000.0,55.0,2.0,2.0,4.0,,0,0,0,2909.090909090909,,0.5,1,0,0,0,0,0,0,0,0,0,0,0,1,0,0,0,0,0
310000.0,84.0,3.0,2.0,15.0,,1,1,0,3690.4761904761904,,0.13333333333333333,1,0,0,0,0,0,0,0,0,0,0,0,0,1,0,0,0,0
245000.0,109.0,4.0,3.0,3.0,,0,1,0,2247.706422018349,,1.0,1,0,0,0,0,0,0,1,0,0,0,0,0,0,0,0,0,0
250000.0,57.0,3.0,7.0,8.0,,1,1,0,4385.964912280701,,0.875,1,0,0,0,0,0,1,0,0,0,0,0,0,0,0,0,0,0
410000.0,70.0,2.0,4.0,6.0,,1,1,0,5857.142857142857,,0.6666666666666666,1,0,0,0,0,0,0,0,0,0,1,0,0,0,0,0,0,0
129000.0,33.0,1.0,8.0,8.0,,1,0,0,3909.090909090909,,1.0,1,0,0,0,0,0,0,0,0,0,0,0,1,0,0,0,0,0
155000.0,62.0,3.0,2.0,3.0,,0,1,0,2500.0,,0.6666666666666666,1,0,0,0,0,0,0,0,0,0,0,1,0,0,0,0,0,0
360000.0,76.0,4.0,2.0,5.0,,1,1,0,4736.8421052631575,,0.4,1,0,0,0,0,0,0,0,0,0,0,0,0,1,0,0,0,0
257000.0,78.0,4.0,3.0,3.0,,0,1,0,3294.871794871795,,1.0,1,0,0,0,0,0,0,0,0,0,0,0,1,0,0,0,0,0
310000.0,106.0,5.0,2.0,3.0,,0,1,0,2924.5283018867926,,0.6666666666666666,1,0,0,0,0,0,0,0,0,0,0,0,0,0,1,0,0,0
199900.0,62.0,3.0,4.0,13.0,,1,1,0,3224.1935483870966,,0.3076923076923077,1,0,0,0,1,0,0,0,0,0,0,0,0,0,0,0,0,0
197000.0,84.0,3.0,3.0,3.0,,1,0,0,2345.2380952380954,,1.0,1,0,0,0,0,0,0,0,0,0,0,0,1,0,0,0,0,0
368000.0,81.0,2.0,1.0,5.0,,1,1,1,4543.20987654321,,0.2,1,0,0,0,0,0,0,0,0,0,0,0,0,0,0,0,0,1
95000.0,23.0,1.0,2.0,4.0,,0,0,0,4130.434782608696,,0.5,1,0,0,0,0,0,0,0,0,0,0,0,1,0,0,0,0,0
420000.0,70.0,3.0,1.0,6.0,,0,1,0,6000.0,,0.16666666666666666,1,0,0,0,0,0,0,0,0,0,0,0,0,0,0,1,0,0
160000.0,39.0,2.0,1.0,1.0,,0,0,0,4102.5641025641025,,1.0,1,0,0,0,0,0,0,0,0,0,0,0,0,0,0,1,0,0
250000.0,78.0,3.0,3.0,3.0,,0,1,0,3205.128205128205,,1.0,1,0,0,0,0,0,0,0,1,0,0,0,0,0,0,0,0,0
220000.0,69.0,3.0,2.0,6.0,,0,1,0,3188.4057971014495,,0.3333333333333333,1,0,0,0,0,0,0,0,0,0,0,0,1,0,0,0,0,0
115000.0,53.0,3.0,6.0,6.0,2000.0,0,0,1,2169.811320754717,26.0,1.0,1,0,0,0,0,0,0,0,0,0,0,0,0,0,0,0,0,1
193000.0,49.0,2.0,6.0,6.0,,1,0,0,3938.7755102040815,,1.0,1,0,0,0,0,0,0,0,0,0,0,0,0,0,0,1,0,0
180000.0,99.0,4.0,1.0,2.0,,0,1,0,1818.1818181818182,,0.5,1,0,0,0,0,0,0,0,0,0,0,0,0,0,0,0,0,1
320000.0,61.0,3.0,1.0,2.0,,0,1,0,5245.901639344263,,0.5,1,0,0,0,0,0,0,0,0,0,1,0,0,0,0,0,0,0
99000.0,33.0,1.0,1.0,3.0,2025.0,0,1,1,3000.0,1.0,0.3333333333333333,1,0,0,0,0,0,0,0,0,0,0,1,0,0,0,0,0,0
225000.0,76.0,3.0,1.0,7.0,,1,1,1,2960.5263157894738,,0.14285714285714285,1,0,0,0,1,0,0,0,0,0,0,0,0,0,0,0,0,0
131600.0,47.0,2.0,4.0,4.0,2024.0,0,1,1,2800.0,2.0,1.0,1,0,0,0,0,0,0,0,0,0,0,1,0,0,0,0,0,0
127500.0,40.0,1.0,3.0,1.0,2025.0,0,1,1,3187.5,1.0,3.0,1,0,0,0,0,0,0,0,0,0,0,1,0,0,0,0,0,0
250000.0,123.0,6.0,4.0,5.0,,0,1,0,2032.520325203252,,0.8,1,0,0,0,0,0,0,0,0,0,0,0,0,0,0,0,0,1
120000.0,49.0,2.0,3.0,3.0,,0,1,1,2448.9795918367345,,1.0,1,0,0,0,0,0,0,0,0,0,0,0,0,0,0,1,0,0
158000.0,58.0,2.0,5.0,5.0,,0,1,0,2724.137931034483,,1.0,1,0,0,0,0,0,0,0,0,0,0,0,1,0,0,0,0,0
202900.0,63.0,3.0,1.0,2.0,,0,1,0,3220.6349206349205,,0.5,1,0,0,0,0,0,0,0,0,0,0,0,1,0,0,0,0,0
390000.0,66.0,2.0,3.0,7.0,,1,1,1,5909.090909090909,,0.42857142857142855,1,0,0,0,0,0,0,0,0,0,1,0,0,0,0,0,0,0
280000.0,55.0,2.0,2.0,4.0,,0,0,0,5090.909090909091,,0.5,1,0,0,0,0,0,0,0,1,0,0,0,0,0,0,0,0,0
209000.0,80.0,3.0,5.0,8.0,,1,1,0,2612.5,,0.625,1,0,0,0,0,0,0,0,0,0,0,0,0,0,0,1,0,0
177000.0,47.0,2.0,3.0,5.0,,1,1,0,3765.9574468085107,,0.6,1,0,0,0,1,0,0,0,0,0,0,0,0,0,0,0,0,0
275000.0,101.0,4.0,6.0,7.0,,1,1,1,2722.772277227723,,0.8571428571428571,1,0,0,0,0,0,0,0,0,0,0,0,0,0,0,0,0,1
130000.0,51.0,2.0,2.0,3.0,,0,0,0,2549.0196078431372,,0.6666666666666666,1,0,0,0,0,0,1,0,0,0,0,0,0,0,0,0,0,0
128000.0,56.0,2.0,1.0,2.0,,0,1,0,2285.714285714286,,0.5,1,0,0,0,0,0,0,0,0,0,0,0,0,0,1,0,0,0
225000.0,75.0,3.0,3.0,9.0,,1,1,0,3000.0,,0.3333333333333333,1,0,0,0,1,0,0,0,0,0,0,0,0,0,0,0,0,0
339000.0,92.0,4.0,3.0,5.0,,1,1,0,3684.782608695652,,0.6,1,0,0,0,0,0,0,0,0,0,1,0,0,0,0,0,0,0
335000.0,105.0,4.0,9.0,9.0,,1,1,1,3190.4761904761904,,1.0,1,0,0,0,0,0,0,1,0,0,0,0,0,0,0,0,0,0
225000.0,92.0,3.0,13.0,14.0,,0,1,0,2445.6521739130435,,0.9285714285714286,1,0,0,0,1,0,0,0,0,0,0,0,0,0,0,0,0,0
171000.0,58.0,2.0,10.0,10.0,,0,1,1,2948.2758620689656,,1.0,1,0,0,0,1,0,0,0,0,0,0,0,0,0,0,0,0,0
121000.0,49.0,2.0,1.0,3.0,,0,1,0,2469.387755102041,,0.3333333333333333,1,0,0,0,0,0,1,0,0,0,0,0,0,0,0,0,0,0
151500.0,80.0,4.0,5.0,6.0,,0,1,0,1893.75,,0.8333333333333334,1,0,0,0,0,0,1,0,0,0,0,0,0,0,0,0,0,0
352800.0,98.0,4.0,6.0,6.0,,1,1,0,3600.0,,1.0,1,0,0,0,0,0,0,0,0,0,0,0,0,0,1,0,0,0
255000.0,69.0,3.0,1.0,4.0,,0,1,0,3695.6521739130435,,0.25,1,0,0,0,0,0,0,0,0,0,0,0,0,1,0,0,0,0
128260.0,53.0,3.0,1.0,2.0,,0,1,1,2420.0,,0.5,1,0,0,0,0,0,0,0,0,0,0,1,0,0,0,0,0,0
221250.0,75.0,3.0,18.0,19.0,,1,1,0,2950.0,,0.9473684210526315,1,0,0,0,1,0,0,0,0,0,0,0,0,0,0,0,0,0
379000.0,82.0,3.0,4.0,8.0,,1,1,0,4621.951219512195,,0.5,1,0,0,0,1,0,0,0,0,0,0,0,0,0,0,0,0,0
154000.0,51.0,2.0,8.0,11.0,,1,1,0,3019.607843137255,,0.7272727272727273,1,0,0,0,0,0,0,1,0,0,0,0,0,0,0,0,0,0
136300.0,47.0,3.0,2.0,4.0,,1,1,0,2900.0,,0.5,1,0,0,0,0,0,0,0,0,0,0,0,0,0,0,1,0,0
300000.0,94.0,4.0,1.0,4.0,,0,1,1,3191.4893617021276,,0.25,1,0,0,0,0,0,0,0,1,0,0,0,0,0,0,0,0,0
132000.0,49.0,2.0,5.0,5.0,,0,1,0,2693.877551020408,,1.0,1,0,0,0,0,0,1,0,0,0,0,0,0,0,0,0,0,0
345000.0,137.0,6.0,3.0,4.0,,0,0,0,2518.2481751824816,,0.75,1,0,0,0,0,0,0,0,0,0,0,0,0,1,0,0,0,0
255000.0,114.0,3.0,4.0,4.0,,0,1,0,2236.842105263158,,1.0,1,0,0,0,0,0,0,0,0,0,0,0,1,0,0,0,0,0
315000.0,96.0,4.0,6.0,6.0,,1,1,1,3281.25,,1.0,1,0,0,0,0,0,0,0,0,0,0,0,0,0,0,1,0,0
395000.0,85.0,3.0,5.0,8.0,2025.0,1,1,1,4647.058823529412,1.0,0.625,1,0,0,0,0,0,0,0,1,0,0,0,0,0,0,0,0,0
165000.0,66.0,3.0,2.0,3.0,,0,1,0,2500.0,,0.6666666666666666,1,0,0,0,0,0,0,0,0,0,0,1,0,0,0,0,0,0
179000.0,71.0,3.0,1.0,2.0,,0,1,0,2521.1267605633802,,0.5,1,0,0,0,0,0,0,0,0,0,0,0,0,0,1,0,0,0
318000.0,105.0,4.0,2.0,2.0,2010.0,0,1,1,3028.5714285714284,16.0,1.0,1,0,0,0,0,0,0,1,0,0,0,0,0,0,0,0,0,0
498000.0,110.0,4.0,5.0,9.0,,1,1,1,4527.272727272727,,0.5555555555555556,1,0,0,0,0,0,0,0,1,0,0,0,0,0,0,0,0,0
260000.0,102.0,3.0,3.0,3.0,,0,1,0,2549.0196078431372,,1.0,1,0,0,0,0,0,0,0,1,0,0,0,0,0,0,0,0,0
330000.0,94.0,5.0,3.0,4.0,,1,1,1,3510.6382978723404,,0.75,1,0,0,0,0,0,0,0,0,0,0,0,0,0,0,1,0,0
238900.0,70.0,3.0,3.0,4.0,,0,1,1,3412.8571428571427,,0.75,1,0,0,0,0,0,0,0,0,0,0,0,0,0,0,1,0,0
310000.0,72.0,3.0,2.0,4.0,,1,1,1,4305.555555555556,,0.5,1,0,0,0,0,0,0,0,0,0,0,0,0,1,0,0,0,0
198000.0,53.0,2.0,1.0,8.0,,1,1,0,3735.8490566037735,,0.125,1,0,0,0,1,0,0,0,0,0,0,0,0,0,0,0,0,0
399000.0,83.0,3.0,5.0,5.0,,1,1,1,4807.22891566265,,1.0,1,0,0,0,0,0,0,0,0,0,0,0,0,1,0,0,0,0
395000.0,81.0,2.0,6.0,8.0,,1,1,1,4876.543209876543,,0.75,1,0,0,0,0,0,0,0,1,0,0,0,0,0,0,0,0,0
205000.0,41.0,2.0,1.0,6.0,,1,1,0,5000.0,,0.16666666666666666,1,0,0,0,0,0,0,0,0,0,0,0,0,0,0,0,0,1
154500.0,76.0,4.0,8.0,8.0,,1,0,0,2032.8947368421052,,1.0,1,0,0,0,0,0,0,0,0,0,0,0,0,0,0,0,0,1
342325.0,152.0,4.0,5.0,6.0,,1,1,0,2252.1381578947367,,0.8333333333333334,1,0,0,0,0,0,0,0,0,0,0,0,0,0,0,1,0,0
185000.0,64.0,2.0,1.0,10.0,,0,1,0,2890.625,,0.1,1,0,0,0,0,0,0,1,0,0,0,0,0,0,0,0,0,0
252000.0,85.0,4.0,1.0,7.0,,0,1,0,2964.705882352941,,0.14285714285714285,1,0,0,0,1,0,0,0,0,0,0,0,0,0,0,0,0,0
230000.0,66.0,3.0,6.0,10.0,,1,1,1,3484.848484848485,,0.6,1,0,0,0,1,0,0,0,0,0,0,0,0,0,0,0,0,0
266900.0,88.0,3.0,1.0,4.0,,0,1,0,3032.9545454545455,,0.25,1,0,0,0,1,0,0,0,0,0,0,0,0,0,0,0,0,0
650000.0,149.0,4.0,1.0,5.0,,1,0,0,4362.416107382551,,0.2,1,0,0,0,0,0,0,0,0,0,1,0,0,0,0,0,0,0
245000.0,95.0,4.0,5.0,5.0,,0,1,0,2578.9473684210525,,1.0,1,0,0,0,0,0,0,0,0,0,0,0,1,0,0,0,0,0
395000.0,81.0,3.0,6.0,8.0,,1,1,1,4876.543209876543,,0.75,1,0,0,0,0,0,0,0,0,0,0,0,0,0,0,0,0,1
140000.0,31.0,2.0,4.0,7.0,,1,1,0,4516.129032258064,,0.5714285714285714,1,0,0,0,0,0,0,0,0,0,0,0,1,0,0,0,0,0
160000.0,52.0,2.0,3.0,9.0,,0,1,0,3076.923076923077,,0.3333333333333333,1,0,0,0,0,0,0,0,0,0,0,0,0,0,0,0,0,1
285000.0,74.0,2.5,7.0,8.0,1967.0,1,1,0,3851.3513513513512,59.0,0.875,1,0,0,0,0,0,0,0,1,0,0,0,0,0,0,0,0,0
340000.0,88.0,4.0,4.0,5.0,2010.0,1,0,1,3863.6363636363635,16.0,0.8,1,0,0,0,0,0,0,0,1,0,0,0,0,0,0,0,0,0
155000.0,64.0,2.0,3.0,5.0,,0,1,0,2421.875,,0.6,1,0,0,0,0,0,0,1,0,0,0,0,0,0,0,0,0,0
300000.0,64.0,3.0,8.0,10.0,,1,1,1,4687.5,,0.8,1,0,0,0,0,0,0,0,0,0,1,0,0,0,0,0,0,0
429000.0,103.0,3.0,5.0,7.0,,1,0,0,4165.0485436893205,,0.7142857142857143,1,0,0,0,0,0,0,0,0,0,0,0,0,1,0,0,0,0
280000.0,82.0,3.0,2.0,4.0,,0,0,0,3414.6341463414633,,0.5,1,0,0,0,0,0,1,0,0,0,0,0,0,0,0,0,0,0
40000.0,51.0,2.0,1.0,2.0,,0,0,0,784.3137254901961,,0.5,1,0,0,0,0,0,1,0,0,0,0,0,0,0,0,0,0,0
89000.0,42.0,2.0,3.0,3.0,,0,1,0,2119.0476190476193,,1.0,1,0,0,0,1,0,0,0,0,0,0,0,0,0,0,0,0,0
399000.0,73.0,3.0,4.0,4.0,,1,0,0,5465.753424657534,,1.0,1,0,0,0,0,0,0,0,0,0,1,0,0,0,0,0,0,0
72000.0,44.0,1.0,0.0,3.0,,0,1,0,1636.3636363636363,,0.0,1,0,0,0,1,0,0,0,0,0,0,0,0,0,0,0,0,0
380000.0,99.0,4.0,1.0,7.0,,1,1,1,3838.3838383838383,,0.14285714285714285,1,0,0,0,0,0,0,0,1,0,0,0,0,0,0,0,0,0
205000.0,54.0,2.0,4.0,12.0,,1,1,0,3796.296296296296,,0.3333333333333333,1,0,0,0,0,0,0,0,0,0,0,0,0,0,1,0,0,0
125400.0,44.0,1.0,1.0,3.0,,0,1,1,2850.0,,0.3333333333333333,1,0,0,0,0,0,0,0,0,0,0,1,0,0,0,0,0,0
280000.0,84.0,3.0,3.0,13.0,,0,1,0,3333.3333333333335,,0.23076923076923078,1,0,0,0,0,0,1,0,0,0,0,0,0,0,0,0,0,0
199000.0,78.0,3.0,1.0,2.0,,0,1,0,2551.2820512820513,,0.5,1,0,0,0,0,0,1,0,0,0,0,0,0,0,0,0,0,0
165000.0,49.0,3.0,5.0,5.0,,0,1,0,3367.3469387755104,,1.0,1,0,0,0,0,0,1,0,0,0,0,0,0,0,0,0,0,0
275000.0,57.0,2.0,3.0,5.0,,1,0,0,4824.561403508772,,0.6,1,0,0,0,0,0,0,0,0,0,1,0,0,0,0,0,0,0
245000.0,95.0,4.0,5.0,5.0,,0,1,0,2578.9473684210525,,1.0,1,0,0,0,0,0,0,0,0,0,0,0,1,0,0,0,0,0
205000.0,68.0,3.0,3.0,3.0,,0,1,0,3014.705882352941,,1.0,1,0,0,0,0,0,0,0,0,0,0,0,0,1,0,0,0,0
225000.0,66.0,3.0,2.0,2.0,,0,1,0,3409.090909090909,,1.0,1,0,0,0,0,0,0,0,0,0,1,0,0,0,0,0,0,0
155000.0,60.0,3.0,4.0,4.0,,0,0,1,2583.3333333333335,,1.0,1,0,0,0,0,0,0,0,0,0,0,0,0,0,0,0,0,1
210000.0,102.0,4.0,3.0,4.0,,1,1,0,2058.823529411765,,0.75,1,0,0,0,0,0,0,0,0,0,0,0,0,0,0,0,0,1
120000.0,38.0,2.0,2.0,4.0,,0,1,0,3157.8947368421054,,0.5,1,0,0,0,0,0,1,0,0,0,0,0,0,0,0,0,0,0
295000.0,80.0,3.0,3.0,6.0,2010.0,1,1,0,3687.5,16.0,0.5,1,0,0,0,0,0,1,0,0,0,0,0,0,0,0,0,0,0
224000.0,55.0,2.0,2.0,11.0,,1,1,1,4072.7272727272725,,0.18181818181818182,1,0,0,0,1,0,0,0,0,0,0,0,0,0,0,0,0,0
150000.0,49.0,2.0,11.0,11.0,,0,1,0,3061.2244897959185,,1.0,1,0,0,0,0,0,0,0,0,0,0,0,0,0,0,1,0,0
480000.0,79.0,3.0,3.0,5.0,2019.0,0,1,1,6075.949367088608,7.0,0.6,1,0,0,0,0,0,0,0,1,0,0,0,0,0,0,0,0,0
113900.0,62.0,2.0,,1.0,1992.0,0,1,1,1837.0967741935483,34.0,,1,0,0,0,0,0,0,0,0,0,0,0,0,0,0,1,0,0
250000.0,93.0,4.0,3.0,5.0,1999.0,0,0,0,2688.1720430107525,27.0,0.6,1,0,0,0,0,0,1,0,0,0,0,0,0,0,0,0,0,0
187000.0,85.0,3.0,4.0,4.0,2024.0,1,0,1,2200.0,2.0,1.0,1,0,0,0,0,0,0,0,0,0,0,0,0,0,1,0,0,0
156750.0,57.0,3.0,3.0,4.0,2025.0,0,1,1,2750.0,1.0,0.75,1,0,0,0,0,0,0,0,0,0,0,1,0,0,0,0,0,0
295000.0,82.0,4.0,7.0,8.0,,0,1,0,3597.560975609756,,0.875,1,0,0,0,1,0,0,0,0,0,0,0,0,0,0,0,0,0
572000.0,143.0,5.0,1.0,7.0,1975.0,1,0,0,4000.0,51.0,0.14285714285714285,1,0,0,0,0,0,1,0,0,0,0,0,0,0,0,0,0,0
239900.0,67.0,2.0,3.0,8.0,1970.0,1,1,1,3580.597014925373,56.0,0.375,1,0,0,0,1,0,0,0,0,0,0,0,0,0,0,0,0,0
266000.0,89.0,4.0,9.0,9.0,2026.0,1,1,1,2988.7640449438204,0.0,1.0,1,0,0,0,0,0,0,0,0,0,0,0,0,0,0,0,0,1
252500.0,83.0,4.0,6.0,6.0,,1,1,0,3042.1686746987953,,1.0,1,0,0,0,0,0,0,0,0,0,0,0,0,0,0,0,0,1
368000.0,87.0,3.0,1.0,5.0,,1,1,1,4229.885057471264,,0.2,1,0,0,0,0,0,0,0,1,0,0,0,0,0,0,0,0,0
269000.0,77.0,4.0,7.0,14.0,1977.0,0,1,0,3493.5064935064934,49.0,0.5,1,0,0,0,1,0,0,0,0,0,0,0,0,0,0,0,0,0
194000.0,73.0,3.0,19.0,22.0,,0,0,1,2657.5342465753424,,0.8636363636363636,1,0,0,0,0,0,0,0,0,0,0,0,0,0,1,0,0,0
140760.0,53.0,2.0,1.0,4.0,2010.0,0,0,1,2655.8490566037735,16.0,0.25,1,0,0,0,0,0,0,0,0,0,0,0,0,0,0,0,0,1
243320.0,79.0,4.0,,3.0,2025.0,0,0,0,3080.0,1.0,,1,0,0,0,0,0,0,0,0,0,0,0,0,0,1,0,0,0
220000.0,38.0,3.0,1.0,3.0,,0,1,1,5789.473684210527,,0.3333333333333333,1,0,0,0,0,0,0,0,0,0,1,0,0,0,0,0,0,0
150000.0,55.0,2.0,1.0,2.0,1980.0,0,1,0,2727.2727272727275,46.0,0.5,1,0,0,0,0,0,0,0,0,0,0,0,0,0,1,0,0,0
380000.0,86.0,3.0,4.0,5.0,2000.0,1,1,0,4418.604651162791,26.0,0.8,1,0,0,0,0,0,0,0,0,0,1,0,0,0,0,0,0,0
250000.0,57.0,2.0,7.0,8.0,,1,1,0,4385.964912280701,,0.875,1,0,0,0,0,0,1,0,0,0,0,0,0,0,0,0,0,0
266000.0,82.0,3.0,1.0,1.0,1927.0,0,0,0,3243.9024390243903,99.0,1.0,1,0,0,0,0,0,0,0,0,0,1,0,0,0,0,0,0,0
110000.0,50.0,3.0,,3.0,2026.0,0,1,0,2200.0,0.0,,1,0,0,0,0,0,0,0,0,0,0,0,1,0,0,0,0,0
165000.0,44.0,2.0,1.0,5.0,2022.0,0,0,0,3750.0,4.0,0.2,1,0,0,0,0,0,1,0,0,0,0,0,0,0,0,0,0,0
205000.0,63.0,2.0,4.0,6.0,,1,1,0,3253.968253968254,,0.6666666666666666,1,0,0,0,0,0,0,0,0,0,0,0,0,0,0,1,0,0
145000.0,90.0,4.0,,1.0,2026.0,0,0,1,1611.111111111111,0.0,,1,0,1,0,0,0,0,0,0,0,0,0,0,0,0,0,0,0
125400.0,44.0,2.0,3.0,3.0,2025.0,0,1,1,2850.0,1.0,1.0,1,0,0,0,0,0,0,0,0,0,0,1,0,0,0,0,0,0
249000.0,53.0,2.0,1.0,5.0,,1,0,0,4698.11320754717,,0.2,1,0,0,0,0,0,0,0,0,0,0,0,0,1,0,0,0,0
390000.0,103.0,4.0,6.0,8.0,,0,1,0,3786.4077669902913,,0.75,1,0,0,0,1,0,0,0,0,0,0,0,0,0,0,0,0,0
240000.0,86.0,4.0,3.0,8.0,,1,1,0,2790.6976744186045,,0.375,1,0,0,0,0,0,0,0,0,0,0,0,0,0,0,1,0,0
585000.0,86.0,4.0,2.0,3.0,,0,0,1,6802.325581395349,,0.6666666666666666,1,0,0,0,0,0,0,0,0,0,1,0,0,0,0,0,0,0
189000.0,65.0,3.0,3.0,10.0,,0,1,1,2907.6923076923076,,0.3,1,0,0,0,0,0,0,1,0,0,0,0,0,0,0,0,0,0
399000.0,143.0,5.0,5.0,6.0,2007.0,1,1,1,2790.2097902097903,19.0,0.8333333333333334,1,0,0,0,1,0,0,0,0,0,0,0,0,0,0,0,0,0
89540.0,37.0,2.0,1.0,2.0,,0,1,1,2420.0,,0.5,1,0,0,0,0,0,0,0,0,0,0,1,0,0,0,0,0,0
610500.0,142.0,5.0,3.0,3.0,2025.0,0,1,0,4299.295774647887,1.0,1.0,1,0,0,0,0,0,0,0,0,0,0,0,1,0,0,0,0,0
230000.0,37.0,2.0,6.0,7.0,1996.0,1,0,0,6216.216216216216,30.0,0.8571428571428571,1,0,0,0,0,0,0,0,0,0,1,0,0,0,0,0,0,0
400000.0,104.0,4.0,8.0,8.0,,1,1,0,3846.153846153846,,1.0,1,0,0,0,0,0,0,0,0,0,0,0,1,0,0,0,0,0
159000.0,58.0,3.0,5.0,5.0,2012.0,0,0,0,2741.3793103448274,14.0,1.0,1,0,0,0,0,0,1,0,0,0,0,0,0,0,0,0,0,0
85000.0,71.0,2.0,4.0,6.0,,0,1,0,1197.1830985915492,,0.6666666666666666,1,1,0,0,0,0,0,0,0,0,0,0,0,0,0,0,0,0
250000.0,77.0,3.0,1.0,3.0,2000.0,0,1,0,3246.753246753247,26.0,0.3333333333333333,1,0,0,0,0,0,1,0,0,0,0,0,0,0,0,0,0,0
290000.0,80.0,5.0,3.0,3.0,,0,1,1,3625.0,,1.0,1,0,0,0,0,0,0,0,0,0,0,0,1,0,0,0,0,0
125000.0,37.0,3.0,,1.0,,0,0,0,3378.3783783783783,,,1,0,0,0,0,0,0,0,0,0,0,0,0,0,1,0,0,0
425888.0,70.0,2.0,4.0,6.0,,1,1,0,6084.114285714286,,0.6666666666666666,1,0,0,0,0,0,0,0,1,0,0,0,0,0,0,0,0,0
195000.0,58.0,3.0,,7.0,,1,1,0,3362.0689655172414,,,1,0,0,0,0,0,1,0,0,0,0,0,0,0,0,0,0,0
250000.0,47.0,3.0,,3.0,,0,0,1,5319.148936170212,,,1,0,0,0,0,0,0,0,0,0,1,0,0,0,0,0,0,0
330000.0,54.0,3.0,,3.0,,1,1,0,6111.111111111111,,,1,0,0,0,0,0,0,0,0,0,0,0,1,0,0,0,0,0
272000.0,68.0,4.0,,4.0,,1,0,0,4000.0,,,1,0,0,0,1,0,0,0,0,0,0,0,0,0,0,0,0,0
177000.0,64.0,3.0,,11.0,,1,1,0,2765.625,,,1,0,0,0,0,0,0,1,0,0,0,0,0,0,0,0,0,0
235000.0,45.0,2.0,3.0,5.0,,0,0,0,5222.222222222223,,0.6,1,0,0,0,0,0,0,0,0,0,0,0,0,1,0,0,0,0
99000.0,33.0,1.0,1.0,3.0,2026.0,0,1,1,3000.0,0.0,0.3333333333333333,1,0,0,0,0,0,0,0,0,0,0,1,0,0,0,0,0,0
169999.0,63.0,3.0,,2.0,,0,1,1,2698.3968253968255,,,1,0,0,0,0,0,0,0,0,0,0,0,0,0,0,1,0,0
209900.0,72.0,3.0,1.0,4.0,,1,1,1,2915.277777777778,,0.25,1,0,0,0,0,0,0,0,0,0,0,0,1,0,0,0,0,0
162696.0,52.0,3.0,,8.0,,1,1,1,3128.769230769231,,,1,0,0,0,0,0,0,0,0,0,0,0,0,0,0,1,0,0
229900.0,56.0,3.0,3.0,5.0,,1,1,0,4105.357142857143,,0.6,1,0,0,0,0,0,1,0,0,0,0,0,0,0,0,0,0,0
215000.0,77.0,3.0,4.0,4.0,,0,1,1,2792.2077922077924,,1.0,1,0,0,0,0,0,0,0,0,0,0,0,1,0,0,0,0,0
275000.0,57.0,3.0,6.0,6.0,,0,0,0,4824.561403508772,,1.0,1,0,0,0,0,0,0,0,0,0,1,0,0,0,0,0,0,0
381000.0,103.0,3.0,2.0,8.0,,1,1,0,3699.029126213592,,0.25,1,0,0,0,1,0,0,0,0,0,0,0,0,0,0,0,0,0
99000.0,33.0,1.0,1.0,3.0,2025.0,0,1,1,3000.0,1.0,0.3333333333333333,1,0,0,0,0,0,0,0,0,0,0,1,0,0,0,0,0,0
350000.0,103.0,4.0,2.0,4.0,,0,0,0,3398.0582524271845,,0.5,1,0,0,0,0,0,0,0,1,0,0,0,0,0,0,0,0,0
90000.0,46.0,1.0,4.0,4.0,,0,1,0,1956.5217391304348,,1.0,1,0,0,0,1,0,0,0,0,0,0,0,0,0,0,0,0,0
149000.0,40.0,2.0,,1.0,,0,1,0,3725.0,,,1,0,0,0,0,0,0,0,1,0,0,0,0,0,0,0,0,0
330000.0,100.0,3.0,1.0,4.0,1936.0,1,1,1,3300.0,90.0,0.25,1,0,0,0,0,0,0,0,0,0,1,0,0,0,0,0,0,0
168500.0,51.0,2.0,5.0,6.0,,0,1,0,3303.921568627451,,0.8333333333333334,1,0,0,0,1,0,0,0,0,0,0,0,0,0,0,0,0,0
380000.0,90.0,3.0,4.0,5.0,,0,1,0,4222.222222222223,,0.8,1,0,0,0,0,0,1,0,0,0,0,0,0,0,0,0,0,0
117000.0,51.0,2.0,,2.0,,0,1,1,2294.1176470588234,,,1,0,0,0,0,0,0,0,0,0,0,0,0,0,1,0,0,0
610000.0,124.0,4.0,12.0,,,1,1,0,4919.354838709677,,,1,0,0,0,0,0,0,0,1,0,0,0,0,0,0,0,0,0
130000.0,47.0,3.0,,3.0,,0,1,0,2765.9574468085107,,,1,0,0,0,0,0,0,0,0,0,0,0,0,0,0,1,0,0
219000.0,51.0,2.0,5.0,7.0,,0,1,0,4294.117647058823,,0.7142857142857143,1,0,0,0,0,0,0,0,1,0,0,0,0,0,0,0,0,0
185000.0,60.0,2.0,,5.0,,0,1,0,3083.3333333333335,,,1,0,0,0,0,0,0,0,0,0,0,0,0,0,0,1,0,0
271000.0,139.0,5.0,,1.0,,0,1,1,1949.6402877697842,,,1,0,0,0,0,0,0,0,0,0,0,0,0,0,1,0,0,0
149000.0,50.0,2.0,2.0,4.0,,0,1,0,2980.0,,0.5,1,0,0,0,0,0,0,0,0,0,0,0,0,0,1,0,0,0
244200.0,79.0,3.0,4.0,4.0,2026.0,0,1,1,3091.1392405063293,0.0,1.0,1,0,0,0,0,0,0,0,0,0,0,0,0,0,1,0,0,0
258000.0,57.0,3.0,,2.0,,0,0,1,4526.315789473684,,,1,0,0,0,0,0,0,0,0,0,1,0,0,0,0,0,0,0
457888.0,74.0,2.0,6.0,6.0,,1,1,1,6187.675675675676,,1.0,1,0,0,0,0,0,0,0,1,0,0,0,0,0,0,0,0,0
275000.0,91.0,4.0,6.0,6.0,,1,1,0,3021.978021978022,,1.0,1,0,0,0,0,0,0,0,0,0,0,0,0,0,0,1,0,0
213000.0,61.0,3.0,1.0,4.0,,0,1,0,3491.8032786885246,,0.25,1,0,0,0,1,0,0,0,0,0,0,0,0,0,0,0,0,0
380000.0,98.0,4.0,,3.0,,0,0,0,3877.5510204081634,,,1,0,0,0,0,0,0,0,1,0,0,0,0,0,0,0,0,0
138000.0,52.0,3.0,2.0,2.0,,0,1,0,2653.846153846154,,1.0,1,0,0,0,0,0,0,0,0,0,0,0,0,0,1,0,0,0
349000.0,92.0,4.0,3.0,,,0,1,0,3793.478260869565,,,1,0,0,0,1,0,0,0,0,0,0,0,0,0,0,0,0,0
160000.0,57.0,2.0,2.0,4.0,,0,1,0,2807.0175438596493,,0.5,1,0,0,0,0,0,0,1,0,0,0,0,0,0,0,0,0,0
306660.0,114.0,5.0,5.0,5.0,,0,1,0,2690.0,,1.0,1,0,0,0,0,0,1,0,0,0,0,0,0,0,0,0,0,0
257000.0,104.0,3.0,,4.0,,1,1,1,2471.153846153846,,,1,0,0,0,0,0,0,0,0,0,0,0,0,0,0,1,0,0
349000.0,98.0,4.0,2.0,1.0,1908.0,0,1,1,3561.2244897959185,118.0,2.0,1,0,0,0,0,0,0,0,1,0,0,0,0,0,0,0,0,0
235000.0,58.0,2.0,,4.0,,0,1,1,4051.7241379310344,,,1,0,0,0,0,0,0,0,0,0,0,0,0,1,0,0,0,0
310000.0,84.0,3.0,2.0,15.0,,1,1,0,3690.4761904761904,,0.13333333333333333,1,0,0,0,0,0,0,0,0,0,0,0,0,1,0,0,0,0
132500.0,53.0,2.0,1.0,3.0,,0,1,0,2500.0,,0.3333333333333333,1,0,0,0,0,0,0,1,0,0,0,0,0,0,0,0,0,0
229900.0,60.0,3.0,4.0,5.0,,0,1,0,3831.6666666666665,,0.8,1,0,0,0,0,0,1,0,0,0,0,0,0,0,0,0,0,0
430888.0,70.0,2.0,5.0,6.0,,1,1,0,6155.542857142857,,0.8333333333333334,1,0,0,0,0,0,0,0,1,0,0,0,0,0,0,0,0,0
179900.0,73.0,4.0,14.0,15.0,,1,1,0,2464.3835616438355,,0.9333333333333333,1,0,0,0,0,0,0,1,0,0,0,0,0,0,0,0,0,0
238000.0,65.0,3.0,2.0,,,1,1,1,3661.5384615384614,,,1,0,0,0,1,0,0,0,0,0,0,0,0,0,0,0,0,0
300000.0,81.0,4.0,4.0,4.0,,0,1,0,3703.703703703704,,1.0,1,0,0,0,0,0,0,0,0,0,0,0,0,0,0,1,0,0
430000.0,100.0,4.0,3.0,,,1,1,0,4300.0,,,1,0,0,0,0,0,0,0,0,0,0,0,0,1,0,0,0,0
343000.0,97.0,4.0,1.0,4.0,,1,1,0,3536.082474226804,,0.25,1,0,0,0,0,0,0,0,0,0,1,0,0,0,0,0,0,0
230000.0,83.0,3.0,1.0,5.0,,1,1,1,2771.0843373493976,,0.2,1,0,0,0,0,0,0,0,0,0,0,0,0,0,0,1,0,0
93000.0,33.0,1.0,5.0,6.0,2004.0,0,0,0,2818.181818181818,22.0,0.8333333333333334,1,0,0,0,0,0,0,0,0,0,0,0,0,0,0,0,0,1
350000.0,83.0,3.0,21.0,26.0,2027.0,1,1,1,4216.8674698795185,,0.8076923076923077,1,0,0,0,0,0,0,0,1,0,0,0,0,0,0,0,0,0
199727.0,60.0,3.0,4.0,4.0,2026.0,1,1,0,3328.7833333333333,0.0,1.0,1,0,0,0,0,0,0,0,0,0,0,0,1,0,0,0,0,0
165000.0,55.0,3.0,3.0,3.0,,0,0,0,3000.0,,1.0,1,0,0,0,0,0,0,0,0,0,0,0,0,0,0,1,0,0
420000.0,87.0,3.0,8.0,23.0,,1,1,1,4827.586206896552,,0.34782608695652173,1,0,0,0,0,0,0,0,1,0,0,0,0,0,0,0,0,0
180000.0,21.0,1.0,7.0,7.0,,1,0,0,8571.42857142857,,1.0,1,0,0,0,0,0,0,0,0,0,0,0,0,1,0,0,0,0
158000.0,45.0,2.0,2.0,3.0,,0,1,0,3511.1111111111113,,0.6666666666666666,1,0,0,0,0,0,1,0,0,0,0,0,0,0,0,0,0,0
152000.0,38.0,1.0,3.0,4.0,,1,1,0,4000.0,,0.75,1,0,0,0,0,0,0,0,0,0,0,0,1,0,0,0,0,0
110000.0,50.0,2.0,2.0,4.0,,0,1,1,2200.0,,0.5,1,0,0,0,0,0,0,0,0,0,0,0,0,0,0,1,0,0
167000.0,44.0,2.0,6.0,6.0,,0,0,0,3795.4545454545455,,1.0,1,0,0,0,1,0,0,0,0,0,0,0,0,0,0,0,0,0
139900.0,49.0,2.0,7.0,11.0,,1,1,0,2855.1020408163267,,0.6363636363636364,1,0,0,0,0,0,0,0,0,0,0,0,1,0,0,0,0,0
156000.0,30.0,1.0,5.0,7.0,,1,0,1,5200.0,,0.7142857142857143,1,0,0,0,0,0,0,0,0,0,0,0,0,0,1,0,0,0
144000.0,80.0,3.0,3.0,4.0,,0,1,1,1800.0,,0.75,1,0,1,0,0,0,0,0,0,0,0,0,0,0,0,0,0,0
235000.0,61.0,3.0,8.0,9.0,,1,0,0,3852.4590163934427,,0.8888888888888888,1,0,0,0,1,0,0,0,0,0,0,0,0,0,0,0,0,0
240000.0,74.0,4.0,6.0,6.0,,0,1,0,3243.2432432432433,,1.0,1,0,0,0,0,0,0,0,1,0,0,0,0,0,0,0,0,0
320000.0,64.0,2.0,1.0,8.0,,1,1,0,5000.0,,0.125,1,0,0,0,0,0,0,0,0,0,1,0,0,0,0,0,0,0
165000.0,43.0,1.0,2.0,5.0,,1,1,1,3837.2093023255816,,0.4,1,0,0,0,0,0,0,0,0,0,0,0,0,0,1,0,0,0
377000.0,91.0,4.0,,2.0,1930.0,0,0,0,4142.857142857143,96.0,,1,0,0,0,0,0,0,0,0,0,1,0,0,0,0,0,0,0
185000.0,59.0,2.0,4.0,4.0,,1,1,0,3135.593220338983,,1.0,1,0,0,0,1,0,0,0,0,0,0,0,0,0,0,0,0,0
180000.0,72.0,3.0,3.0,4.0,,0,1,0,2500.0,,0.75,1,0,0,0,0,0,0,0,0,0,0,0,0,0,0,1,0,0
240000.0,47.0,3.0,1.0,,,0,1,0,5106.382978723404,,,1,0,0,0,0,0,0,0,0,0,1,0,0,0,0,0,0,0
83000.0,28.0,1.0,,5.0,1995.0,0,1,0,2964.285714285714,31.0,,1,0,0,0,0,0,0,1,0,0,0,0,0,0,0,0,0,0
45500.0,20.0,1.0,,1.0,,0,0,0,2275.0,,,1,0,0,0,0,0,0,0,0,0,0,0,0,0,0,1,0,0
460000.0,71.0,3.0,4.0,,,1,1,0,6478.87323943662,,,1,0,0,0,0,0,0,0,0,0,1,0,0,0,0,0,0,0
289900.0,59.0,2.0,1.0,3.0,,0,1,0,4913.559322033899,,0.3333333333333333,1,0,0,0,0,0,0,0,0,0,1,0,0,0,0,0,0,0
209000.0,67.0,3.0,2.0,2.0,,0,0,0,3119.402985074627,,1.0,1,0,0,0,0,0,0,0,0,0,1,0,0,0,0,0,0,0
109000.0,44.0,2.0,,3.0,2026.0,0,1,1,2477.2727272727275,0.0,,1,0,0,0,0,0,0,0,0,0,0,1,0,0,0,0,0,0
181573.0,62.0,3.0,5.0,7.0,2027.0,1,1,1,2928.5967741935483,,0.7142857142857143,1,0,0,0,0,0,0,1,0,0,0,0,0,0,0,0,0,0
95000.0,51.0,3.0,3.0,4.0,2018.0,0,1,1,1862.7450980392157,8.0,0.75,1,0,0,0,0,0,0,0,0,0,0,0,0,0,1,0,0,0
109000.0,44.0,1.0,,3.0,2025.0,0,0,0,2477.2727272727275,1.0,,1,0,0,0,0,0,0,0,0,0,0,1,0,0,0,0,0,0
219000.0,67.0,3.0,,5.0,2026.0,1,1,1,3268.6567164179105,0.0,,1,0,0,0,0,0,1,0,0,0,0,0,0,0,0,0,0,0
149000.0,64.0,2.0,3.0,5.0,,0,1,0,2328.125,,0.6,1,0,0,0,0,0,0,1,0,0,0,0,0,0,0,0,0,0
83000.0,34.0,1.0,,4.0,,0,0,0,2441.176470588235,,,1,0,0,0,0,0,0,0,0,0,0,0,1,0,0,0,0,0
180000.0,149.0,5.0,1.0,1.0,,0,1,0,1208.0536912751677,,1.0,1,0,0,0,0,1,0,0,0,0,0,0,0,0,0,0,0,0
136119.0,53.0,2.0,3.0,4.0,2026.0,1,1,1,2568.2830188679245,0.0,0.75,1,0,0,0,0,0,0,0,0,0,0,0,1,0,0,0,0,0
145000.0,50.0,3.0,3.0,,2025.0,0,1,1,2900.0,1.0,,1,0,0,0,0,0,0,0,0,0,0,1,0,0,0,0,0,0
99000.0,33.0,1.0,1.0,3.0,2025.0,0,1,1,3000.0,1.0,0.3333333333333333,1,0,0,0,0,0,0,0,0,0,0,1,0,0,0,0,0,0
119990.0,35.0,2.0,,2.0,1938.0,0,0,0,3428.285714285714,88.0,,1,0,0,0,0,0,0,0,0,0,0,0,0,0,0,1,0,0
395000.0,81.0,3.0,6.0,,,0,1,0,4876.543209876543,,,1,0,0,0,0,0,0,0,1,0,0,0,0,0,0,0,0,0
410000.0,83.0,3.0,4.0,7.0,,1,0,0,4939.759036144578,,0.5714285714285714,1,0,0,0,1,0,0,0,0,0,0,0,0,0,0,0,0,0
287000.0,41.0,2.0,,1.0,,0,0,0,7000.0,,,1,0,0,0,0,0,0,0,0,0,1,0,0,0,0,0,0,0
84000.0,30.0,2.0,,3.0,2025.0,0,1,1,2800.0,1.0,,1,0,0,0,0,0,0,0,0,0,0,1,0,0,0,0,0,0
109000.0,44.0,2.0,,3.0,2026.0,0,1,1,2477.2727272727275,0.0,,1,0,0,0,0,0,0,0,0,0,0,1,0,0,0,0,0,0
165600.0,73.0,3.0,5.0,5.0,,1,0,0,2268.4931506849316,,1.0,1,0,0,0,0,0,0,0,0,0,0,0,0,0,0,1,0,0
127350.0,40.0,2.0,3.0,3.0,2025.0,0,1,1,3183.75,1.0,1.0,1,0,0,0,0,0,0,0,0,0,0,1,0,0,0,0,0,0
105000.0,46.0,2.0,1.0,1.0,,0,0,1,2282.608695652174,,1.0,1,0,0,0,0,0,0,0,0,0,0,0,0,0,0,1,0,0
99000.0,33.0,1.0,1.0,1.0,2025.0,0,1,1,3000.0,1.0,1.0,1,0,0,0,0,0,0,0,0,0,0,1,0,0,0,0,0,0
225000.0,61.0,3.0,18.0,19.0,,0,1,0,3688.5245901639346,,0.9473684210526315,1,0,0,0,1,0,0,0,0,0,0,0,0,0,0,0,0,0
270000.0,67.0,3.0,,4.0,2022.0,0,0,1,4029.8507462686566,4.0,,1,0,0,0,0,0,0,0,0,0,0,0,0,0,0,1,0,0
145000.0,50.0,3.0,3.0,,2025.0,0,1,1,2900.0,1.0,,1,0,0,0,0,0,0,0,0,0,0,1,0,0,0,0,0,0
160000.0,55.0,2.0,1.0,4.0,,0,1,1,2909.090909090909,,0.25,1,0,0,0,0,0,1,0,0,0,0,0,0,0,0,0,0,0
184900.0,85.0,3.0,2.0,6.0,,1,1,0,2175.294117647059,,0.3333333333333333,1,0,0,0,0,0,0,0,0,0,0,0,0,0,0,1,0,0
109500.0,39.0,2.0,1.0,3.0,2025.0,0,1,1,2807.6923076923076,1.0,0.3333333333333333,1,0,0,0,0,0,0,0,0,0,0,1,0,0,0,0,0,0
165000.0,42.0,1.0,,2.0,,0,0,0,3928.5714285714284,,,1,0,0,0,0,0,0,0,1,0,0,0,0,0,0,0,0,0
190000.0,42.0,3.0,5.0,5.0,,0,0,0,4523.809523809524,,1.0,1,0,0,0,0,0,1,0,0,0,0,0,0,0,0,0,0,0
130000.0,38.0,2.0,,,,0,0,0,3421.0526315789475,,,1,0,0,0,0,0,0,0,0,0,0,0,0,1,0,0,0,0
115000.0,44.0,2.0,,3.0,2025.0,0,1,1,2613.6363636363635,1.0,,1,0,0,0,0,0,0,0,0,0,0,1,0,0,0,0,0,0
400000.0,133.0,3.0,,3.0,2025.0,1,1,1,3007.5187969924814,1.0,,1,0,0,0,0,0,0,0,0,0,0,0,1,0,0,0,0,0
379000.0,100.0,3.0,2.0,3.0,1942.0,0,1,0,3790.0,84.0,0.6666666666666666,1,0,0,0,0,0,0,0,1,0,0,0,0,0,0,0,0,0
84000.0,30.0,1.0,,3.0,2025.0,0,1,1,2800.0,1.0,,1,0,0,0,0,0,0,0,0,0,0,1,0,0,0,0,0,0
156750.0,57.0,3.0,3.0,,2025.0,0,1,1,2750.0,1.0,,1,0,0,0,0,0,0,0,0,0,0,1,0,0,0,0,0,0
144900.0,135.0,4.0,,1.0,1978.0,0,1,1,1073.3333333333333,48.0,,1,0,0,0,0,0,0,0,0,0,0,0,0,0,0,0,0,1
193000.0,49.0,2.0,6.0,6.0,,1,0,1,3938.7755102040815,,1.0,1,0,0,0,0,0,0,0,0,0,0,0,0,0,0,1,0,0
126000.0,50.0,2.0,3.0,5.0,,0,1,0,2520.0,,0.6,1,0,0,0,0,0,1,0,0,0,0,0,0,0,0,0,0,0
205645.0,70.0,3.0,7.0,7.0,2027.0,1,1,1,2937.785714285714,,1.0,1,0,0,0,0,0,0,1,0,0,0,0,0,0,0,0,0,0
420000.0,83.0,3.0,9.0,23.0,2019.0,0,1,1,5060.240963855422,7.0,0.391304347826087,1,0,0,0,0,0,0,0,1,0,0,0,0,0,0,0,0,0
189000.0,70.0,3.0,1.0,6.0,1996.0,1,1,1,2700.0,30.0,0.16666666666666666,1,0,0,0,0,0,0,0,0,0,0,0,1,0,0,0,0,0
129000.0,40.0,2.0,,1.0,1990.0,0,1,1,3225.0,36.0,,1,0,0,0,0,0,0,0,0,0,0,0,0,0,1,0,0,0
212350.0,50.0,2.0,6.0,7.0,2026.0,0,1,1,4247.0,0.0,0.8571428571428571,1,0,0,0,0,0,0,0,0,0,0,0,0,0,0,1,0,0
200000.0,110.0,3.0,1.0,2.0,,0,1,0,1818.1818181818182,,0.5,1,0,0,0,0,0,0,0,0,0,0,0,0,0,1,0,0,0
136300.0,47.0,1.0,3.0,4.0,2025.0,0,1,1,2900.0,1.0,0.75,1,0,0,0,0,0,0,0,0,0,0,1,0,0,0,0,0,0
140000.0,48.0,2.0,,4.0,1968.0,0,1,0,2916.6666666666665,58.0,,1,0,0,0,0,0,0,0,0,0,0,0,1,0,0,0,0,0
480000.0,110.0,3.0,3.0,5.0,1927.0,1,0,0,4363.636363636364,99.0,0.6,1,0,0,0,0,0,0,0,0,0,1,0,0,0,0,0,0,0
299000.0,60.0,2.0,2.0,5.0,1950.0,1,0,1,4983.333333333333,76.0,0.4,1,0,0,0,0,0,0,0,0,0,1,0,0,0,0,0,0,0
274000.0,86.0,3.0,5.0,6.0,1995.0,1,1,0,3186.046511627907,31.0,0.8333333333333334,1,0,0,0,0,0,0,0,0,0,1,0,0,0,0,0,0,0
158000.0,64.0,3.0,0.0,1.0,1950.0,0,0,0,2468.75,76.0,0.0,1,0,0,0,0,0,1,0,0,0,0,0,0,0,0,0,0,0
273000.0,137.0,7.0,,4.0,,0,1,0,1992.7007299270074,,,1,0,0,0,0,0,1,0,0,0,0,0,0,0,0,0,0,0
359000.0,88.0,3.0,5.0,5.0,2002.0,1,0,0,4079.5454545454545,24.0,1.0,1,0,0,0,0,0,0,0,0,0,1,0,0,0,0,0,0,0
260000.0,82.0,3.0,5.0,5.0,1989.0,1,1,0,3170.731707317073,37.0,1.0,1,0,0,0,0,0,0,0,0,0,0,0,0,0,0,0,0,1
167000.0,45.0,3.0,,5.0,,0,0,0,3711.1111111111113,,,1,0,0,0,0,0,0,0,0,0,1,0,0,0,0,0,0,0
230000.0,64.0,3.0,3.0,4.0,,0,1,0,3593.75,,0.75,1,0,0,0,1,0,0,0,0,0,0,0,0,0,0,0,0,0
155000.0,51.0,3.0,4.0,4.0,,0,1,1,3039.2156862745096,,1.0,1,0,0,0,0,0,0,0,0,0,0,0,0,0,0,1,0,0
99950.0,48.0,2.0,10.0,10.0,,1,0,0,2082.2916666666665,,1.0,1,0,0,0,0,0,0,1,0,0,0,0,0,0,0,0,0,0
295000.0,106.0,3.0,0.0,1.0,1958.0,0,1,0,2783.0188679245284,68.0,0.0,1,0,0,0,0,0,0,0,0,0,0,0,0,0,0,0,0,1
228000.0,66.0,3.0,,3.0,,0,0,0,3454.5454545454545,,,1,0,0,0,0,0,0,0,0,0,0,0,0,1,0,0,0,0
85000.0,54.0,2.0,,4.0,2026.0,0,1,0,1574.0740740740741,0.0,,1,0,0,0,0,0,0,0,0,0,0,0,0,0,0,1,0,0
196000.0,54.0,3.0,5.0,8.0,,0,1,0,3629.6296296296296,,0.625,1,0,0,0,0,0,0,0,0,0,0,0,0,0,0,1,0,0
330000.0,48.0,1.0,1.0,6.0,1960.0,1,1,0,6875.0,66.0,0.16666666666666666,1,0,0,0,0,0,0,0,0,0,1,0,0,0,0,0,0,0
310000.0,119.0,5.0,2.0,3.0,2012.0,0,1,1,2605.0420168067226,14.0,0.6666666666666666,1,0,0,0,0,0,0,0,0,0,0,0,0,0,1,0,0,0
140000.0,41.0,2.0,2.0,11.0,,1,1,0,3414.6341463414633,,0.18181818181818182,1,0,0,0,0,0,0,0,0,0,0,0,0,0,1,0,0,0
419000.0,108.0,3.0,2.0,3.0,1930.0,0,1,0,3879.6296296296296,96.0,0.6666666666666666,1,0,0,0,0,0,1,0,0,0,0,0,0,0,0,0,0,0
105000.0,47.0,3.0,3.0,4.0,2013.0,0,1,1,2234.0425531914893,13.0,0.75,1,0,0,0,0,0,0,1,0,0,0,0,0,0,0,0,0,0
258000.0,57.0,2.0,0.0,2.0,1927.0,0,0,1,4526.315789473684,99.0,0.0,1,0,0,0,0,0,0,0,0,0,1,0,0,0,0,0,0,0
200000.0,40.0,2.0,,8.0,,0,0,0,5000.0,,,1,0,0,0,1,0,0,0,0,0,0,0,0,0,0,0,0,0
320000.0,82.0,3.0,2.0,2.0,1935.0,0,0,0,3902.439024390244,91.0,1.0,1,0,0,0,0,0,0,0,0,0,0,0,0,1,0,0,0,0
278000.0,136.0,6.0,4.0,4.0,1975.0,0,1,0,2044.1176470588234,51.0,1.0,1,0,0,0,0,0,1,0,0,0,0,0,0,0,0,0,0,0
252360.0,63.0,3.0,4.0,8.0,2025.0,1,1,1,4005.714285714286,1.0,0.5,1,0,0,0,0,0,0,0,0,0,0,0,1,0,0,0,0,0
410000.0,83.0,3.0,4.0,7.0,,1,1,0,4939.759036144578,,0.5714285714285714,1,0,0,0,1,0,0,0,0,0,0,0,0,0,0,0,0,0
169900.0,61.0,3.0,6.0,6.0,,0,0,0,2785.245901639344,,1.0,1,0,0,0,1,0,0,0,0,0,0,0,0,0,0,0,0,0
310000.0,73.0,3.0,1.0,6.0,,1,1,0,4246.575342465753,,0.16666666666666666,1,0,0,0,0,0,0,0,0,0,0,0,0,1,0,0,0,0
225403.0,88.0,3.0,8.0,8.0,2022.0,1,1,1,2561.3977272727275,4.0,1.0,1,0,0,0,0,0,0,0,0,0,0,0,0,0,0,1,0,0
109000.0,44.0,1.0,,3.0,,0,1,1,2477.2727272727275,,,1,0,0,0,1,0,0,0,0,0,0,0,0,0,0,0,0,0
250000.0,70.0,4.0,2.0,3.0,2025.0,1,1,1,3571.4285714285716,1.0,0.6666666666666666,1,0,0,0,0,0,0,0,0,0,0,0,1,0,0,0,0,0
247500.0,99.0,4.0,2.0,2.0,2004.0,0,1,1,2500.0,22.0,1.0,1,0,0,0,0,0,0,0,0,0,0,0,1,0,0,0,0,0
96000.0,33.0,1.0,1.0,3.0,2025.0,0,1,1,2909.090909090909,1.0,0.3333333333333333,1,0,0,0,0,0,0,0,0,0,0,1,0,0,0,0,0,0
124000.0,39.0,2.0,,3.0,,0,0,0,3179.4871794871797,,,1,0,0,0,0,0,0,0,0,0,0,0,0,0,0,1,0,0
242000.0,57.0,2.0,0.0,5.0,2024.0,1,1,0,4245.6140350877195,2.0,0.0,1,0,0,0,0,0,0,0,0,0,0,0,0,1,0,0,0,0
74000.0,33.0,2.0,,4.0,,0,0,1,2242.4242424242425,,,1,0,0,0,0,0,0,1,0,0,0,0,0,0,0,0,0,0
199000.0,58.0,3.0,3.0,3.0,2011.0,0,0,0,3431.0344827586205,15.0,1.0,1,0,0,0,0,0,0,0,0,0,0,0,0,0,0,1,0,0
114000.0,37.0,2.0,1.0,1.0,1950.0,0,0,0,3081.0810810810813,76.0,1.0,1,0,0,0,0,0,0,0,0,0,0,0,0,0,0,1,0,0
139000.0,94.0,3.0,1.0,1.0,2011.0,0,1,1,1478.723404255319,15.0,1.0,1,0,0,0,0,0,0,0,0,0,0,1,0,0,0,0,0,0
388000.0,86.0,4.0,1.0,4.0,2023.0,0,1,0,4511.627906976744,3.0,0.25,1,0,0,0,0,0,0,0,0,0,0,0,0,1,0,0,0,0
207500.0,62.0,2.0,8.0,11.0,,1,1,0,3346.7741935483873,,0.7272727272727273,1,0,0,0,0,0,0,0,0,0,0,0,0,0,1,0,0,0
375000.0,71.0,3.0,3.0,4.0,2024.0,1,1,1,5281.69014084507,2.0,0.75,1,0,0,0,0,0,0,0,0,0,0,0,0,1,0,0,0,0
148500.0,62.0,3.0,,3.0,,0,1,0,2395.1612903225805,,,1,0,0,0,0,0,0,0,0,0,0,1,0,0,0,0,0,0
228000.0,61.0,2.0,1.0,3.0,1965.0,0,1,0,3737.7049180327867,61.0,0.3333333333333333,1,0,0,0,0,0,0,0,0,0,0,0,0,0,0,1,0,0
420000.0,74.0,3.0,1.0,6.0,1962.0,1,0,0,5675.675675675676,64.0,0.16666666666666666,1,0,0,0,0,0,0,0,0,0,0,0,0,1,0,0,0,0
310000.0,92.0,4.0,1.0,5.0,,1,1,1,3369.5652173913045,,0.2,1,0,0,0,0,0,0,0,0,0,0,0,1,0,0,0,0,0
349500.0,105.0,4.0,4.0,6.0,1995.0,1,1,0,3328.5714285714284,31.0,0.6666666666666666,1,0,0,0,0,0,0,0,0,0,0,0,0,0,0,0,0,1
349500.0,105.0,4.0,4.0,6.0,1997.0,0,1,1,3328.5714285714284,29.0,0.6666666666666666,1,0,0,0,0,0,0,0,0,0,0,0,0,0,0,0,0,1
419000.0,105.0,3.0,5.0,6.0,1968.0,1,1,0,3990.4761904761904,58.0,0.8333333333333334,1,0,0,0,0,0,0,0,0,0,0,0,0,1,0,0,0,0
340000.0,125.0,5.0,,4.0,,0,1,0,2720.0,,,1,0,0,0,1,0,0,0,0,0,0,0,0,0,0,0,0,0
123000.0,34.0,2.0,,2.0,,0,0,1,3617.6470588235293,,,1,0,0,0,0,0,0,0,1,0,0,0,0,0,0,0,0,0
420000.0,123.0,4.0,1.0,4.0,2017.0,0,1,1,3414.6341463414633,9.0,0.25,1,0,0,0,0,0,0,0,0,0,0,0,0,0,0,0,0,1
305000.0,61.0,2.0,0.0,4.0,2000.0,1,0,0,5000.0,26.0,0.0,1,0,0,0,0,0,0,0,0,0,0,0,0,1,0,0,0,0
131600.0,47.0,2.0,4.0,4.0,2025.0,0,1,1,2800.0,1.0,1.0,1,0,0,0,0,0,0,0,0,0,0,1,0,0,0,0,0,0
349800.0,101.0,5.0,1.0,5.0,1930.0,1,0,0,3463.366336633663,96.0,0.2,1,0,0,0,0,0,0,0,0,0,0,0,0,0,0,0,0,1
330000.0,92.0,4.0,2.0,,,1,1,0,3586.9565217391305,,,1,0,0,0,0,0,0,0,0,0,0,0,0,0,0,1,0,0
322000.0,92.0,4.0,3.0,6.0,,0,0,0,3500.0,,0.5,1,0,0,0,0,0,0,0,0,0,0,0,0,1,0,0,0,0
320000.0,143.0,6.0,3.0,3.0,,0,1,1,2237.762237762238,,1.0,1,0,0,0,0,0,0,0,0,0,0,0,1,0,0,0,0,0
84900.0,33.0,2.0,,4.0,,0,0,0,2572.7272727272725,,,1,0,0,0,0,0,0,0,0,0,0,0,1,0,0,0,0,0
399000.0,62.0,2.0,30.0,30.0,,1,0,1,6435.4838709677415,,1.0,1,0,0,0,1,0,0,0,0,0,0,0,0,0,0,0,0,0
245000.0,104.0,3.0,2.0,,2003.0,0,0,0,2355.769230769231,23.0,,1,0,0,0,0,0,0,0,0,0,0,0,0,0,0,1,0,0
230000.0,58.0,2.0,1.0,5.0,,1,1,1,3965.5172413793102,,0.2,1,0,0,0,0,0,0,0,0,0,0,0,0,1,0,0,0,0
80850.0,49.0,2.0,,4.0,,0,1,1,1650.0,,,1,0,0,0,0,0,0,0,0,0,0,0,0,0,1,0,0,0
115000.0,35.0,1.0,,2.0,,0,1,0,3285.714285714286,,,1,0,0,0,0,0,0,0,0,0,0,0,0,0,0,0,0,1
129900.0,47.0,2.0,0.0,4.0,2012.0,1,1,1,2763.8297872340427,14.0,0.0,1,0,0,0,0,0,0,0,0,0,0,0,0,0,0,1,0,0
301600.0,115.0,4.0,1.0,2.0,2004.0,0,1,1,2622.608695652174,22.0,0.5,1,0,0,0,0,0,0,0,0,0,0,0,1,0,0,0,0,0
120000.0,40.0,2.0,4.0,4.0,1965.0,0,1,0,3000.0,61.0,1.0,1,0,0,0,0,0,0,0,0,0,0,0,0,1,0,0,0,0
250000.0,58.0,2.0,7.0,8.0,1966.0,1,1,0,4310.3448275862065,60.0,0.875,1,0,0,0,0,0,0,0,0,0,1,0,0,0,0,0,0,0
187000.0,41.0,2.0,1.0,7.0,1980.0,1,1,0,4560.975609756098,46.0,0.14285714285714285,1,0,0,0,0,0,0,1,0,0,0,0,0,0,0,0,0,0
122000.0,50.0,2.0,4.0,4.0,,0,0,0,2440.0,,1.0,1,0,0,0,0,0,0,0,0,0,0,0,0,0,0,0,0,1
396000.0,99.0,4.0,1.0,16.0,1965.0,1,1,1,4000.0,61.0,0.0625,1,0,0,0,1,0,0,0,0,0,0,0,0,0,0,0,0,0
200000.0,78.0,4.0,,1.0,,0,1,1,2564.102564102564,,,1,0,0,0,0,0,0,0,0,0,0,0,0,0,0,0,0,1
215000.0,94.0,4.0,,12.0,,1,1,0,2287.2340425531916,,,1,0,0,0,0,0,0,1,0,0,0,0,0,0,0,0,0,0
410000.0,83.0,3.0,4.0,7.0,,1,1,0,4939.759036144578,,0.5714285714285714,1,0,0,0,1,0,0,0,0,0,0,0,0,0,0,0,0,0
250000.0,103.0,4.0,,7.0,,1,1,0,2427.1844660194174,,,1,0,0,0,0,0,0,0,0,0,0,0,0,0,0,1,0,0
399000.0,65.0,3.0,2.0,7.0,2010.0,1,1,1,6138.461538461538,16.0,0.2857142857142857,1,0,0,0,0,0,0,0,0,0,0,0,0,1,0,0,0,0
88000.0,31.0,1.0,4.0,4.0,2010.0,0,0,0,2838.7096774193546,16.0,1.0,1,0,0,0,0,0,0,1,0,0,0,0,0,0,0,0,0,0
285000.0,64.0,2.0,1.0,5.0,1970.0,1,1,0,4453.125,56.0,0.2,1,0,0,0,0,0,0,0,0,0,0,0,0,1,0,0,0,0
590000.0,95.0,3.0,4.0,40.0,2023.0,1,0,1,6210.526315789473,3.0,0.1,1,0,0,0,1,0,0,0,0,0,0,0,0,0,0,0,0,0
164000.0,36.0,1.0,3.0,8.0,1960.0,1,0,0,4555.555555555556,66.0,0.375,1,0,0,0,0,0,0,0,0,0,0,0,0,0,0,0,0,1
285000.0,64.0,2.0,1.0,,,0,1,0,4453.125,,,1,0,0,0,0,0,0,0,0,0,0,0,0,1,0,0,0,0
73000.0,48.0,1.0,,3.0,,0,1,0,1520.8333333333333,,,1,0,0,0,0,0,0,0,0,0,0,0,0,0,1,0,0,0
330000.0,135.0,4.0,1.0,3.0,2000.0,0,1,1,2444.4444444444443,26.0,0.3333333333333333,1,0,0,0,0,0,0,0,0,0,0,0,0,0,0,0,0,1
300000.0,60.0,2.0,4.0,4.0,,0,0,0,5000.0,,1.0,1,0,0,0,0,0,0,0,0,0,1,0,0,0,0,0,0,0
419000.0,109.0,3.0,2.0,2.0,1930.0,0,1,1,3844.0366972477063,96.0,1.0,1,0,0,0,0,0,1,0,0,0,0,0,0,0,0,0,0,0
235666.0,69.0,3.0,1.0,1.0,2026.0,0,1,1,3415.449275362319,0.0,1.0,1,0,0,0,0,0,0,0,0,0,0,0,0,0,1,0,0,0
271149.0,79.0,2.0,0.0,1.0,2026.0,0,0,1,3432.26582278481,0.0,0.0,1,0,0,0,0,0,0,0,0,0,0,0,0,0,1,0,0,0
73000.0,18.0,1.0,1.0,1.0,,0,1,1,4055.5555555555557,,1.0,1,0,0,0,0,0,0,0,0,0,0,0,0,0,1,0,0,0
320000.0,81.0,3.0,3.0,4.0,,1,1,0,3950.617283950617,,0.75,1,0,0,0,0,0,0,0,1,0,0,0,0,0,0,0,0,0
300000.0,50.0,2.0,,5.0,,0,0,0,6000.0,,,1,0,0,0,0,0,0,0,0,0,1,0,0,0,0,0,0,0
206900.0,92.0,3.0,5.0,11.0,,1,1,0,2248.913043478261,,0.45454545454545453,1,0,0,0,0,0,0,0,0,0,0,0,1,0,0,0,0,0
202824.0,76.0,3.0,7.0,7.0,2027.0,1,1,1,2668.7368421052633,,1.0,1,0,0,0,0,0,0,1,0,0,0,0,0,0,0,0,0,0
391620.0,107.0,4.0,12.0,21.0,,1,1,0,3660.0,,0.5714285714285714,1,0,0,0,1,0,0,0,0,0,0,0,0,0,0,0,0,0
275000.0,85.0,3.0,3.0,1.0,,0,1,0,3235.294117647059,,3.0,1,0,0,0,0,0,0,0,0,0,0,0,0,1,0,0,0,0
450000.0,113.0,4.0,2.0,5.0,,1,0,0,3982.3008849557523,,0.4,1,0,0,0,0,0,0,0,0,0,1,0,0,0,0,0,0,0
103400.0,47.0,2.0,2.0,3.0,,0,1,0,2200.0,,0.6666666666666666,1,0,0,0,0,0,0,0,0,0,0,1,0,0,0,0,0,0
220000.0,88.0,3.0,14.0,14.0,,1,1,0,2500.0,,1.0,1,0,0,0,1,0,0,0,0,0,0,0,0,0,0,0,0,0
149000.0,50.0,3.0,4.0,3.0,,0,0,0,2980.0,,1.3333333333333333,1,0,0,0,0,0,0,0,0,0,0,0,0,1,0,0,0,0
225321.0,77.0,3.0,7.0,7.0,2027.0,1,1,1,2926.246753246753,,1.0,1,0,0,0,0,0,0,1,0,0,0,0,0,0,0,0,0,0
164900.0,50.0,2.0,2.0,5.0,,0,1,0,3298.0,,0.4,1,0,0,0,1,0,0,0,0,0,0,0,0,0,0,0,0,0
341066.0,98.0,4.0,7.0,10.0,,1,1,0,3480.265306122449,,0.7,1,0,0,0,1,0,0,0,0,0,0,0,0,0,0,0,0,0
252000.0,56.0,2.0,1.0,6.0,,1,0,0,4500.0,,0.16666666666666666,1,0,0,0,0,0,0,0,0,0,0,0,0,1,0,0,0,0
177000.0,43.0,2.0,1.0,7.0,,1,1,0,4116.279069767442,,0.14285714285714285,1,0,0,0,0,0,0,0,0,0,0,0,0,0,0,1,0,0
290000.0,92.0,3.0,1.0,7.0,,0,1,0,3152.1739130434785,,0.14285714285714285,1,0,0,0,0,0,0,1,0,0,0,0,0,0,0,0,0,0
93060.0,47.0,2.0,1.0,3.0,,1,1,0,1980.0,,0.3333333333333333,1,0,1,0,0,0,0,0,0,0,0,0,0,0,0,0,0,0
315000.0,76.0,2.0,5.0,5.0,,1,0,0,4144.736842105263,,1.0,1,0,0,0,0,0,0,0,0,0,1,0,0,0,0,0,0,0
324000.0,59.0,2.0,1.0,6.0,1960.0,1,1,0,5491.525423728814,66.0,0.16666666666666666,1,0,0,0,0,0,0,0,0,0,1,0,0,0,0,0,0,0
87000.0,66.0,3.0,,,1983.0,0,1,1,1318.1818181818182,43.0,,1,1,0,0,0,0,0,0,0,0,0,0,0,0,0,0,0,0
300000.0,94.0,3.0,1.0,4.0,,0,1,0,3191.4893617021276,,0.25,1,0,0,0,0,0,0,0,1,0,0,0,0,0,0,0,0,0
319000.0,65.0,3.0,3.0,6.0,,0,1,1,4907.692307692308,,0.5,1,0,0,0,0,0,0,0,0,0,1,0,0,0,0,0,0,0
177000.0,64.0,2.0,0.0,11.0,,1,1,0,2765.625,,0.0,1,0,0,0,0,0,0,1,0,0,0,0,0,0,0,0,0,0
350000.0,106.0,4.0,1.0,1.0,,0,1,0,3301.8867924528304,,1.0,1,0,0,0,0,0,0,0,0,0,0,0,0,1,0,0,0,0
303400.0,82.0,4.0,5.0,5.0,,1,1,0,3700.0,,1.0,1,0,0,0,0,0,0,0,0,0,0,0,1,0,0,0,0,0
520000.0,103.0,4.0,3.0,4.0,2020.0,1,1,1,5048.543689320389,6.0,0.75,1,0,0,0,0,0,0,0,0,0,0,0,1,0,0,0,0,0
650000.0,145.0,4.0,1.0,1.0,,0,1,1,4482.758620689655,,1.0,1,0,0,0,0,0,0,0,1,0,0,0,0,0,0,0,0,0
300000.0,50.0,2.0,0.0,5.0,1935.0,0,0,0,6000.0,91.0,0.0,1,0,0,0,0,0,0,0,0,0,1,0,0,0,0,0,0,0
275000.0,64.0,3.0,,,2025.0,0,1,0,4296.875,1.0,,1,0,0,0,0,0,0,0,0,0,0,0,1,0,0,0,0,0
320000.0,100.0,4.0,4.0,6.0,,1,0,1,3200.0,,0.6666666666666666,1,0,0,0,0,0,0,0,0,0,0,0,1,0,0,0,0,0
152000.0,45.0,1.0,3.0,5.0,1975.0,1,1,0,3377.777777777778,51.0,0.6,1,0,0,0,0,0,0,0,0,0,0,0,0,0,0,1,0,0
169000.0,44.0,2.0,0.0,4.0,1935.0,0,0,0,3840.909090909091,91.0,0.0,1,0,0,0,0,0,0,0,0,0,0,0,0,1,0,0,0,0
130000.0,64.0,2.0,0.0,5.0,,0,1,0,2031.25,,0.0,1,0,0,0,0,0,0,0,0,0,0,0,0,0,0,1,0,0
270000.0,56.0,2.0,1.0,6.0,,1,0,1,4821.428571428572,,0.16666666666666666,1,0,0,0,0,0,1,0,0,0,0,0,0,0,0,0,0,0
210000.0,70.0,2.0,0.0,4.0,,0,0,0,3000.0,,0.0,1,0,0,0,0,0,0,0,0,0,0,0,0,0,0,0,0,1
570000.0,123.0,4.0,5.0,6.0,,1,0,1,4634.1463414634145,,0.8333333333333334,1,0,0,0,0,0,0,0,0,0,1,0,0,0,0,0,0,0
354280.0,89.0,3.0,3.0,6.0,,1,0,1,3980.674157303371,,0.5,1,0,0,0,0,0,0,0,0,0,0,0,0,0,0,1,0,0
110880.0,56.0,3.0,1.0,3.0,,1,1,0,1980.0,,0.3333333333333333,1,0,1,0,0,0,0,0,0,0,0,0,0,0,0,0,0,0
124500.0,38.0,2.0,,6.0,2019.0,1,1,0,3276.315789473684,7.0,,1,0,0,0,0,0,0,0,0,0,0,0,0,0,0,1,0,0
269000.0,88.0,3.0,1.0,6.0,,1,1,0,3056.818181818182,,0.16666666666666666,1,0,0,0,0,0,0,0,0,0,0,0,0,0,0,0,0,1
410000.0,99.0,3.0,3.0,10.0,,1,1,0,4141.414141414141,,0.3,1,0,0,0,1,0,0,0,0,0,0,0,0,0,0,0,0,0
423200.0,92.0,4.0,4.0,5.0,,0,1,0,4600.0,,0.8,1,0,0,0,0,0,0,0,0,0,1,0,0,0,0,0,0,0
231000.0,77.0,3.0,,4.0,1970.0,0,1,0,3000.0,56.0,,1,0,0,0,0,0,0,0,0,0,0,0,1,0,0,0,0,0
209000.0,76.0,3.0,5.0,6.0,,0,1,0,2750.0,,0.8333333333333334,1,0,0,0,0,0,0,0,0,0,0,0,0,0,1,0,0,0
250000.0,47.0,2.0,5.0,10.0,,0,0,0,5319.148936170212,,0.5,1,0,0,0,0,0,0,0,0,0,1,0,0,0,0,0,0,0
187000.0,80.0,4.0,23.0,27.0,,0,1,0,2337.5,,0.8518518518518519,1,0,0,0,0,0,0,0,0,0,0,0,0,0,0,1,0,0
102960.0,52.0,3.0,1.0,3.0,,1,1,1,1980.0,,0.3333333333333333,1,0,1,0,0,0,0,0,0,0,0,0,0,0,0,0,0,0
380000.0,142.0,4.0,1.0,2.0,2009.0,0,1,1,2676.056338028169,17.0,0.5,1,0,0,0,0,0,0,0,1,0,0,0,0,0,0,0,0,0
505000.0,132.0,5.0,0.0,2.0,,0,1,0,3825.757575757576,,0.0,1,0,0,0,0,0,0,0,0,0,0,0,0,1,0,0,0,0
237990.0,63.0,3.0,2.0,,,1,1,1,3777.6190476190477,,,1,0,0,0,1,0,0,0,0,0,0,0,0,0,0,0,0,0
249000.0,52.0,2.0,7.0,13.0,,1,1,0,4788.461538461538,,0.5384615384615384,1,0,0,0,1,0,0,0,0,0,0,0,0,0,0,0,0,0
255000.0,69.0,3.0,1.0,4.0,1960.0,0,1,0,3695.6521739130435,66.0,0.25,1,0,0,0,0,0,0,0,0,0,0,0,0,1,0,0,0,0
231000.0,48.0,2.0,2.0,5.0,2021.0,1,1,0,4812.5,5.0,0.4,1,0,0,0,0,0,0,0,0,0,0,0,1,0,0,0,0,0
215000.0,48.0,2.0,16.0,19.0,,1,1,0,4479.166666666667,,0.8421052631578947,1,0,0,0,1,0,0,0,0,0,0,0,0,0,0,0,0,0
105000.0,30.0,1.0,0.0,4.0,,0,1,0,3500.0,,0.0,1,0,0,0,0,0,0,0,0,0,1,0,0,0,0,0,0,0
263400.0,60.0,2.0,4.0,10.0,,1,1,1,4390.0,,0.4,1,0,0,0,1,0,0,0,0,0,0,0,0,0,0,0,0,0
327000.0,90.0,3.0,6.0,9.0,,1,1,1,3633.3333333333335,,0.6666666666666666,1,0,0,0,0,0,0,0,0,0,0,0,1,0,0,0,0,0
148000.0,28.0,1.0,0.0,4.0,,0,1,0,5285.714285714285,,0.0,1,0,0,0,0,0,0,0,0,0,1,0,0,0,0,0,0,0
290000.0,54.0,2.0,5.0,15.0,,1,1,1,5370.37037037037,,0.3333333333333333,1,0,0,0,0,0,0,0,1,0,0,0,0,0,0,0,0,0
219900.0,79.0,3.0,5.0,5.0,,1,1,0,2783.5443037974683,,1.0,1,0,0,0,0,0,0,0,0,0,0,0,0,0,0,0,0,1
187000.0,77.0,3.0,5.0,5.0,,0,1,0,2428.5714285714284,,1.0,1,0,0,0,0,0,0,0,1,0,0,0,0,0,0,0,0,0
109500.0,40.0,2.0,0.0,3.0,2025.0,0,1,1,2737.5,1.0,0.0,1,0,0,0,0,0,0,0,0,0,0,1,0,0,0,0,0,0
325000.0,69.0,3.0,3.0,8.0,2023.0,1,1,0,4710.144927536232,3.0,0.375,1,0,0,0,0,0,0,0,0,0,0,0,0,1,0,0,0,0
598000.0,109.0,4.0,4.0,6.0,,1,1,0,5486.238532110092,,0.6666666666666666,1,0,0,0,0,0,0,0,0,0,1,0,0,0,0,0,0,0
235000.0,106.0,4.0,6.0,7.0,,0,0,0,2216.9811320754716,,0.8571428571428571,1,0,0,0,0,0,0,1,0,0,0,0,0,0,0,0,0,0
180000.0,104.0,5.0,,4.0,1998.0,0,1,1,1730.7692307692307,28.0,,1,0,0,0,0,0,0,0,0,0,0,0,0,0,0,0,0,1
323000.0,86.0,4.0,4.0,5.0,,1,1,0,3755.813953488372,,0.8,1,0,0,0,1,0,0,0,0,0,0,0,0,0,0,0,0,0
327000.0,90.0,3.0,6.0,9.0,,1,1,1,3633.3333333333335,,0.6666666666666666,1,0,0,0,0,0,0,0,0,0,0,0,1,0,0,0,0,0
170000.0,33.0,2.0,3.0,4.0,,0,1,0,5151.515151515152,,0.75,1,0,0,0,0,0,0,0,0,0,1,0,0,0,0,0,0,0
163900.0,51.0,3.0,,,1990.0,0,0,1,3213.725490196078,36.0,,1,0,0,0,0,0,0,0,0,0,1,0,0,0,0,0,0,0
310000.0,91.0,4.0,,,2025.0,0,1,0,3406.5934065934066,1.0,,1,0,0,0,0,0,0,0,0,0,0,0,1,0,0,0,0,0
486000.0,108.0,3.0,3.0,3.0,,0,0,1,4500.0,,1.0,1,0,0,0,0,0,0,0,1,0,0,0,0,0,0,0,0,0
237900.0,80.0,3.0,3.0,3.0,,0,1,0,2973.75,,1.0,1,0,0,0,0,0,0,0,0,0,0,0,0,0,0,1,0,0
204400.0,73.0,3.0,1.0,3.0,,0,1,0,2800.0,,0.3333333333333333,1,0,0,0,0,0,0,0,0,0,0,0,0,0,1,0,0,0
173000.0,55.0,3.0,3.0,5.0,,0,1,0,3145.4545454545455,,0.6,1,0,0,0,0,0,0,1,0,0,0,0,0,0,0,0,0,0
115000.0,35.0,2.0,2.0,2.0,2022.0,0,1,1,3285.714285714286,4.0,1.0,1,0,0,0,1,0,0,0,0,0,0,0,0,0,0,0,0,0
93000.0,62.0,2.0,,2.0,1990.0,0,0,0,1500.0,36.0,,1,0,0,0,0,0,1,0,0,0,0,0,0,0,0,0,0,0
400000.0,66.0,2.0,1.0,16.0,,1,1,1,6060.606060606061,,0.0625,1,0,0,0,0,0,0,0,1,0,0,0,0,0,0,0,0,0
126000.0,35.0,1.0,5.0,5.0,,0,1,0,3600.0,,1.0,1,0,0,0,0,0,0,0,0,0,0,0,0,0,0,1,0,0
565000.0,145.0,4.0,5.0,5.0,2025.0,1,1,1,3896.551724137931,1.0,1.0,1,0,0,0,0,0,0,0,0,0,0,0,0,0,0,1,0,0
350000.0,57.0,2.0,5.0,16.0,,1,0,0,6140.350877192983,,0.3125,1,0,0,0,0,0,0,0,1,0,0,0,0,0,0,0,0,0
415000.0,110.0,4.0,5.0,6.0,2007.0,1,1,0,3772.7272727272725,19.0,0.8333333333333334,1,0,0,0,0,0,0,0,0,0,0,0,0,0,0,1,0,0
498888.0,92.0,3.0,5.0,21.0,2022.0,1,1,1,5422.695652173913,4.0,0.23809523809523808,1,0,0,0,0,0,0,0,1,0,0,0,0,0,0,0,0,0
320000.0,82.0,3.0,2.0,2.0,1930.0,0,1,0,3902.439024390244,96.0,1.0,1,0,0,0,0,0,0,0,0,0,0,0,0,1,0,0,0,0
498000.0,120.0,4.0,0.0,4.0,1924.0,0,1,0,4150.0,102.0,0.0,1,0,0,0,0,0,0,0,0,0,1,0,0,0,0,0,0,0
465000.0,110.0,5.0,3.0,4.0,1996.0,0,0,0,4227.272727272727,30.0,0.75,1,0,0,0,0,0,0,0,0,0,1,0,0,0,0,0,0,0
199900.0,64.0,3.0,18.0,19.0,,1,1,0,3123.4375,,0.9473684210526315,1,0,0,0,1,0,0,0,0,0,0,0,0,0,0,0,0,0
465000.0,110.0,4.0,3.0,4.0,1995.0,0,1,0,4227.272727272727,31.0,0.75,1,0,0,0,0,0,0,0,0,0,1,0,0,0,0,0,0,0
150000.0,68.0,3.0,4.0,4.0,1981.0,0,1,1,2205.8823529411766,45.0,1.0,1,0,0,0,0,0,1,0,0,0,0,0,0,0,0,0,0,0
470000.0,118.0,4.0,1.0,7.0,,1,1,1,3983.0508474576272,,0.14285714285714285,1,0,0,0,0,0,0,0,0,0,0,0,0,1,0,0,0,0
280000.0,57.0,2.0,4.0,4.0,1982.0,0,1,0,4912.2807017543855,44.0,1.0,1,0,0,0,0,0,0,0,1,0,0,0,0,0,0,0,0,0
360000.0,70.0,2.0,4.0,3.0,,0,1,0,5142.857142857143,,1.3333333333333333,1,0,0,0,0,0,0,0,0,0,0,0,0,1,0,0,0,0
228000.0,66.0,3.0,,5.0,,0,0,0,3454.5454545454545,,,1,0,0,0,0,0,0,0,0,0,0,0,0,0,0,1,0,0
399000.0,83.0,3.0,5.0,5.0,,1,1,1,4807.22891566265,,1.0,1,0,0,0,0,0,0,0,0,0,0,0,0,1,0,0,0,0
410000.0,99.0,3.0,3.0,10.0,2024.0,1,1,0,4141.414141414141,2.0,0.3,1,0,0,0,1,0,0,0,0,0,0,0,0,0,0,0,0,0
2800.0,1.0,2.0,3.0,4.0,2025.0,0,1,1,2800.0,1.0,0.75,1,0,0,0,0,0,0,0,0,0,0,1,0,0,0,0,0,0
119900.0,47.0,1.0,6.0,6.0,1956.0,0,1,1,2551.063829787234,70.0,1.0,1,0,0,0,1,0,0,0,0,0,0,0,0,0,0,0,0,0
375000.0,108.0,3.0,0.0,5.0,2006.0,1,1,0,3472.222222222222,20.0,0.0,1,0,0,0,0,0,0,0,0,0,0,0,0,0,0,1,0,0
300000.0,113.0,4.0,4.0,5.0,2019.0,1,1,1,2654.8672566371683,7.0,0.8,1,0,0,0,0,0,1,0,0,0,0,0,0,0,0,0,0,0
322000.0,94.0,3.0,3.0,3.0,2024.0,1,0,0,3425.531914893617,2.0,1.0,1,0,0,0,0,0,0,0,0,0,0,0,1,0,0,0,0,0
420000.0,92.0,3.0,8.0,8.0,2024.0,1,1,1,4565.217391304348,2.0,1.0,1,0,0,0,0,0,0,0,0,0,0,0,0,0,0,1,0,0
219626.0,60.0,2.0,2.0,3.0,2025.0,1,0,1,3660.4333333333334,1.0,0.6666666666666666,1,0,0,0,0,0,0,0,1,0,0,0,0,0,0,0,0,0
180000.0,68.0,4.0,7.0,8.0,2021.0,1,1,0,2647.0588235294117,5.0,0.875,1,0,0,0,0,0,0,0,0,0,0,0,1,0,0,0,0,0
485000.0,105.0,4.0,1.0,5.0,1939.0,1,1,1,4619.047619047619,87.0,0.2,1,0,0,0,0,0,0,0,0,0,0,0,0,1,0,0,0,0
498888.0,92.0,3.0,5.0,21.0,2022.0,1,1,1,5422.695652173913,4.0,0.23809523809523808,1,0,0,0,0,0,0,0,1,0,0,0,0,0,0,0,0,0
293636.0,97.0,3.0,2.0,3.0,2025.0,1,1,1,3027.175257731959,1.0,0.6666666666666666,1,0,0,0,0,0,0,0,0,0,0,0,0,0,1,0,0,0
104000.0,35.0,2.0,5.0,6.0,2008.0,1,1,0,2971.4285714285716,18.0,0.8333333333333334,1,0,0,0,0,0,0,0,0,0,0,0,0,0,0,0,0,1
